# density
-9.000000e+00 -1.100424e+01
-9.005603e+00 -1.100000e+01
-8.500000e+00 -1.126408e+01
-9.000000e+00 -1.100424e+01
-8.000000e+00 -1.138793e+01
-8.500000e+00 -1.126408e+01
-9.005603e+00 -1.100000e+01
-9.278355e+00 -1.050000e+01
-9.278355e+00 -1.050000e+01
-9.284694e+00 -1.000000e+01
-9.284694e+00 -1.000000e+01
-9.164960e+00 -9.500000e+00
-9.164960e+00 -9.500000e+00
-9.000000e+00 -9.052167e+00
-8.982667e+00 -9.000000e+00
-9.000000e+00 -9.052167e+00
-8.982667e+00 -9.000000e+00
-8.760256e+00 -8.500000e+00
-8.760256e+00 -8.500000e+00
-8.558650e+00 -8.000000e+00
-7.500000e+00 -1.142934e+01
-8.000000e+00 -1.138793e+01
-7.000000e+00 -1.142271e+01
-7.500000e+00 -1.142934e+01
-6.500000e+00 -1.139403e+01
-7.000000e+00 -1.142271e+01
-6.000000e+00 -1.135728e+01
-6.500000e+00 -1.139403e+01
-5.500000e+00 -1.130706e+01
-6.000000e+00 -1.135728e+01
-5.000000e+00 -1.123177e+01
-5.500000e+00 -1.130706e+01
-4.500000e+00 -1.113010e+01
-5.000000e+00 -1.123177e+01
-4.000000e+00 -1.100738e+01
-4.500000e+00 -1.113010e+01
-3.977684e+00 -1.100000e+01
-4.000000e+00 -1.100738e+01
-3.977684e+00 -1.100000e+01
-3.500000e+00 -1.083602e+01
-3.000000e+00 -1.064566e+01
-3.500000e+00 -1.083602e+01
-2.663387e+00 -1.050000e+01
-3.000000e+00 -1.064566e+01
-2.663387e+00 -1.050000e+01
-2.500000e+00 -1.042944e+01
-2.000000e+00 -1.016562e+01
-2.500000e+00 -1.042944e+01
-1.730414e+00 -1.000000e+01
-2.000000e+00 -1.016562e+01
-1.730414e+00 -1.000000e+01
-1.500000e+00 -9.861991e+00
-1.000000e+00 -9.504619e+00
-1.500000e+00 -9.861991e+00
-9.946460e-01 -9.500000e+00
-1.000000e+00 -9.504619e+00
-9.946460e-01 -9.500000e+00
-5.000000e-01 -9.069551e+00
-4.332475e-01 -9.000000e+00
-5.000000e-01 -9.069551e+00
-4.332475e-01 -9.000000e+00
0.000000e+00 -8.531093e+00
-8.558188e+00 -8.000000e+00
-8.500000e+00 -7.921026e+00
-8.377981e+00 -7.750000e+00
-8.500000e+00 -7.921026e+00
-8.377981e+00 -7.750000e+00
-8.250000e+00 -7.598579e+00
-8.169165e+00 -7.500000e+00
-8.250000e+00 -7.598579e+00
-8.169165e+00 -7.500000e+00
-8.000000e+00 -7.333670e+00
-7.917942e+00 -7.250000e+00
-8.000000e+00 -7.333670e+00
-7.917942e+00 -7.250000e+00
-7.750000e+00 -7.101624e+00
-7.640897e+00 -7.000000e+00
-7.750000e+00 -7.101624e+00
-7.640897e+00 -7.000000e+00
-7.500000e+00 -6.880189e+00
-7.357898e+00 -6.750000e+00
-7.500000e+00 -6.880189e+00
-7.357898e+00 -6.750000e+00
-7.250000e+00 -6.656195e+00
-7.086716e+00 -6.500000e+00
-7.250000e+00 -6.656195e+00
-7.086716e+00 -6.500000e+00
-7.000000e+00 -6.418549e+00
-6.839322e+00 -6.250000e+00
-7.000000e+00 -6.418549e+00
-6.839322e+00 -6.250000e+00
-6.750000e+00 -6.155600e+00
-6.618951e+00 -6.000000e+00
-6.750000e+00 -6.155600e+00
-6.618951e+00 -6.000000e+00
-6.500000e+00 -5.855729e+00
-6.422397e+00 -5.750000e+00
-6.500000e+00 -5.855729e+00
-6.422397e+00 -5.750000e+00
-6.250000e+00 -5.509433e+00
-6.243954e+00 -5.500000e+00
-6.250000e+00 -5.509433e+00
-6.243954e+00 -5.500000e+00
-6.085143e+00 -5.250000e+00
-6.085143e+00 -5.250000e+00
-6.000000e+00 -5.113169e+00
-5.935963e+00 -5.000000e+00
-6.000000e+00 -5.113169e+00
-5.935963e+00 -5.000000e+00
-5.796329e+00 -4.750000e+00
-5.796329e+00 -4.750000e+00
-5.750000e+00 -4.666024e+00
-5.663461e+00 -4.500000e+00
-5.750000e+00 -4.666024e+00
-5.663461e+00 -4.500000e+00
-5.543210e+00 -4.250000e+00
-5.543210e+00 -4.250000e+00
-5.500000e+00 -4.058852e+00
-5.487219e+00 -4.000000e+00
-5.500000e+00 -4.058852e+00
-5.500000e+00 -3.863974e+00
-5.509851e+00 -3.750000e+00
-5.487219e+00 -4.000000e+00
-5.500000e+00 -3.863974e+00
-5.509851e+00 -3.750000e+00
-5.565058e+00 -3.500000e+00
-5.565058e+00 -3.500000e+00
-5.629317e+00 -3.250000e+00
-5.629317e+00 -3.250000e+00
-5.698359e+00 -3.000000e+00
-5.750000e+00 -2.806338e+00
-5.764950e+00 -2.750000e+00
-5.698359e+00 -3.000000e+00
-5.750000e+00 -2.806338e+00
-5.764950e+00 -2.750000e+00
-5.823654e+00 -2.500000e+00
-5.823654e+00 -2.500000e+00
-5.872489e+00 -2.250000e+00
-5.872489e+00 -2.250000e+00
-5.913322e+00 -2.000000e+00
-6.000000e+00 -1.239268e+00
-6.016169e+00 -1.000000e+00
-6.016169e+00 -1.000000e+00
-6.027227e+00 -7.500000e-01
-6.027227e+00 -7.500000e-01
-6.033496e+00 -5.000000e-01
-6.033496e+00 -5.000000e-01
-6.036279e+00 -2.500000e-01
-6.036279e+00 -2.500000e-01
-6.036974e+00 0.000000e+00
-5.913322e+00 -2.000000e+00
-5.947752e+00 -1.750000e+00
-5.947752e+00 -1.750000e+00
-5.976537e+00 -1.500000e+00
-5.976537e+00 -1.500000e+00
-5.999290e+00 -1.250000e+00
-5.999290e+00 -1.250000e+00
-6.000000e+00 -1.239268e+00
2.373998e-02 -8.500000e+00
0.000000e+00 -8.531093e+00
2.373998e-02 -8.500000e+00
3.438019e-01 -8.000000e+00
3.282899e-01 -8.000000e+00
5.000000e-01 -7.822790e+00
5.559316e-01 -7.750000e+00
5.000000e-01 -7.822790e+00
5.559316e-01 -7.750000e+00
7.016003e-01 -7.500000e+00
7.016003e-01 -7.500000e+00
7.500000e-01 -7.412845e+00
8.329604e-01 -7.250000e+00
7.500000e-01 -7.412845e+00
8.329604e-01 -7.250000e+00
9.499371e-01 -7.000000e+00
9.499371e-01 -7.000000e+00
1.000000e+00 -6.884331e+00
1.055205e+00 -6.750000e+00
1.000000e+00 -6.884331e+00
1.055205e+00 -6.750000e+00
1.143258e+00 -6.500000e+00
1.143258e+00 -6.500000e+00
1.213159e+00 -6.250000e+00
1.213159e+00 -6.250000e+00
1.250000e+00 -6.077593e+00
1.265974e+00 -6.000000e+00
1.250000e+00 -6.077593e+00
1.265974e+00 -6.000000e+00
1.303779e+00 -5.750000e+00
1.303779e+00 -5.750000e+00
1.330380e+00 -5.500000e+00
1.330380e+00 -5.500000e+00
1.352590e+00 -5.250000e+00
1.352590e+00 -5.250000e+00
1.384801e+00 -5.000000e+00
1.384801e+00 -5.000000e+00
1.447642e+00 -4.750000e+00
1.447642e+00 -4.750000e+00
1.500000e+00 -4.626492e+00
1.591204e+00 -4.500000e+00
1.500000e+00 -4.626492e+00
1.591204e+00 -4.500000e+00
1.750000e+00 -4.358347e+00
2.000000e+00 -4.265089e+00
1.750000e+00 -4.358347e+00
2.105497e+00 -4.250000e+00
2.000000e+00 -4.265089e+00
3.000000e+00 -4.254096e+00
2.940694e+00 -4.250000e+00
3.250000e+00 -4.263839e+00
3.000000e+00 -4.254096e+00
3.500000e+00 -4.262175e+00
3.250000e+00 -4.263839e+00
3.750000e+00 -4.251691e+00
3.500000e+00 -4.262175e+00
3.772323e+00 -4.250000e+00
3.750000e+00 -4.251691e+00
2.105497e+00 -4.250000e+00
2.250000e+00 -4.229538e+00
2.500000e+00 -4.222862e+00
2.250000e+00 -4.229538e+00
2.750000e+00 -4.235573e+00
2.500000e+00 -4.222862e+00
2.940694e+00 -4.250000e+00
2.750000e+00 -4.235573e+00
3.772323e+00 -4.250000e+00
4.000000e+00 -4.229807e+00
4.250000e+00 -4.193389e+00
4.000000e+00 -4.229807e+00
4.500000e+00 -4.131265e+00
4.250000e+00 -4.193389e+00
4.750000e+00 -4.040172e+00
4.500000e+00 -4.131265e+00
4.834785e+00 -4.000000e+00
4.750000e+00 -4.040172e+00
4.834785e+00 -4.000000e+00
5.000000e+00 -3.901776e+00
5.188595e+00 -3.750000e+00
5.000000e+00 -3.901776e+00
5.188595e+00 -3.750000e+00
5.250000e+00 -3.680638e+00
5.373591e+00 -3.500000e+00
5.250000e+00 -3.680638e+00
5.373591e+00 -3.500000e+00
5.493631e+00 -3.250000e+00
5.493631e+00 -3.250000e+00
5.500000e+00 -3.233230e+00
5.582762e+00 -3.000000e+00
5.500000e+00 -3.233230e+00
5.582762e+00 -3.000000e+00
5.658798e+00 -2.750000e+00
5.658798e+00 -2.750000e+00
5.723785e+00 -2.500000e+00
5.723785e+00 -2.500000e+00
5.750000e+00 -2.379893e+00
5.777338e+00 -2.250000e+00
5.750000e+00 -2.379893e+00
5.777338e+00 -2.250000e+00
5.820343e+00 -2.000000e+00
-8.000000e+00 7.333670e+00
-8.169161e+00 7.500000e+00
-8.250000e+00 7.598583e+00
-8.377981e+00 7.750000e+00
-8.169161e+00 7.500000e+00
-8.250000e+00 7.598583e+00
-8.500000e+00 7.921026e+00
-8.558189e+00 8.000000e+00
-8.377981e+00 7.750000e+00
-8.500000e+00 7.921026e+00
-6.036974e+00 0.000000e+00
-6.036279e+00 2.500000e-01
-6.036279e+00 2.500000e-01
-6.033496e+00 5.000000e-01
-6.033496e+00 5.000000e-01
-6.027227e+00 7.500000e-01
-6.027227e+00 7.500000e-01
-6.016169e+00 1.000000e+00
-6.016169e+00 1.000000e+00
-6.000000e+00 1.239268e+00
-5.999290e+00 1.250000e+00
-6.000000e+00 1.239268e+00
-5.999290e+00 1.250000e+00
-5.976537e+00 1.500000e+00
-5.976537e+00 1.500000e+00
-5.947752e+00 1.750000e+00
-5.947752e+00 1.750000e+00
-5.913322e+00 2.000000e+00
-5.913322e+00 2.000000e+00
-5.872489e+00 2.250000e+00
-5.872489e+00 2.250000e+00
-5.823654e+00 2.500000e+00
-5.823654e+00 2.500000e+00
-5.764950e+00 2.750000e+00
-5.764950e+00 2.750000e+00
-5.750000e+00 2.806338e+00
-5.698359e+00 3.000000e+00
-5.750000e+00 2.806338e+00
-5.698359e+00 3.000000e+00
-5.629317e+00 3.250000e+00
-5.629317e+00 3.250000e+00
-5.565058e+00 3.500000e+00
-5.565058e+00 3.500000e+00
-5.509851e+00 3.750000e+00
-5.509851e+00 3.750000e+00
-5.500000e+00 3.863974e+00
-5.487219e+00 4.000000e+00
-5.500000e+00 3.863974e+00
-6.000000e+00 5.113169e+00
-6.085143e+00 5.250000e+00
-6.085143e+00 5.250000e+00
-6.243954e+00 5.500000e+00
-6.250000e+00 5.509433e+00
-6.422397e+00 5.750000e+00
-6.243954e+00 5.500000e+00
-6.250000e+00 5.509433e+00
-6.500000e+00 5.855729e+00
-6.618951e+00 6.000000e+00
-6.422397e+00 5.750000e+00
-6.500000e+00 5.855729e+00
-5.500000e+00 4.058852e+00
-5.543210e+00 4.250000e+00
-5.487219e+00 4.000000e+00
-5.500000e+00 4.058852e+00
-5.543210e+00 4.250000e+00
-5.663461e+00 4.500000e+00
-5.750000e+00 4.666024e+00
-5.796329e+00 4.750000e+00
-5.663461e+00 4.500000e+00
-5.750000e+00 4.666024e+00
-5.796329e+00 4.750000e+00
-5.935963e+00 5.000000e+00
-5.935963e+00 5.000000e+00
-6.000000e+00 5.113169e+00
-6.750000e+00 6.155600e+00
-6.839322e+00 6.250000e+00
-6.618951e+00 6.000000e+00
-6.750000e+00 6.155600e+00
-7.000000e+00 6.418549e+00
-7.086716e+00 6.500000e+00
-6.839322e+00 6.250000e+00
-7.000000e+00 6.418549e+00
-7.250000e+00 6.656195e+00
-7.357898e+00 6.750000e+00
-7.086716e+00 6.500000e+00
-7.250000e+00 6.656195e+00
-7.500000e+00 6.880189e+00
-7.640897e+00 7.000000e+00
-7.357898e+00 6.750000e+00
-7.500000e+00 6.880189e+00
-7.750000e+00 7.101624e+00
-7.917942e+00 7.250000e+00
-7.640897e+00 7.000000e+00
-7.750000e+00 7.101624e+00
-7.917942e+00 7.250000e+00
-8.000000e+00 7.333670e+00
5.931093e+00 0.000000e+00
5.930457e+00 2.500000e-01
5.930457e+00 2.500000e-01
5.927988e+00 5.000000e-01
5.927988e+00 5.000000e-01
5.922650e+00 7.500000e-01
5.922650e+00 7.500000e-01
5.913545e+00 1.000000e+00
5.913545e+00 1.000000e+00
5.899805e+00 1.250000e+00
5.899805e+00 1.250000e+00
5.880449e+00 1.500000e+00
5.880449e+00 1.500000e+00
5.854351e+00 1.750000e+00
5.854351e+00 1.750000e+00
5.820343e+00 2.000000e+00
5.820343e+00 2.000000e+00
5.777338e+00 2.250000e+00
5.750000e+00 2.379893e+00
5.723785e+00 2.500000e+00
5.777338e+00 2.250000e+00
5.750000e+00 2.379893e+00
5.723785e+00 2.500000e+00
5.658798e+00 2.750000e+00
5.658798e+00 2.750000e+00
5.582762e+00 3.000000e+00
5.500000e+00 3.233230e+00
5.493631e+00 3.250000e+00
5.582762e+00 3.000000e+00
5.500000e+00 3.233230e+00
5.493631e+00 3.250000e+00
5.373591e+00 3.500000e+00
5.250000e+00 3.680638e+00
5.188595e+00 3.750000e+00
5.373591e+00 3.500000e+00
5.250000e+00 3.680638e+00
5.000000e+00 3.901776e+00
4.834785e+00 4.000000e+00
5.188595e+00 3.750000e+00
5.000000e+00 3.901776e+00
1.750000e+00 4.358347e+00
1.591204e+00 4.500000e+00
2.000000e+00 4.265089e+00
1.750000e+00 4.358347e+00
1.500000e+00 4.626492e+00
1.447642e+00 4.750000e+00
1.591204e+00 4.500000e+00
1.500000e+00 4.626492e+00
1.447642e+00 4.750000e+00
1.384801e+00 5.000000e+00
1.384801e+00 5.000000e+00
1.352590e+00 5.250000e+00
1.352590e+00 5.250000e+00
1.330380e+00 5.500000e+00
1.330380e+00 5.500000e+00
1.303779e+00 5.750000e+00
1.303779e+00 5.750000e+00
1.265974e+00 6.000000e+00
2.250000e+00 4.229538e+00
2.105497e+00 4.250000e+00
2.500000e+00 4.222862e+00
2.250000e+00 4.229538e+00
2.750000e+00 4.235573e+00
2.500000e+00 4.222862e+00
2.940694e+00 4.250000e+00
2.750000e+00 4.235573e+00
4.000000e+00 4.229807e+00
3.772323e+00 4.250000e+00
2.105497e+00 4.250000e+00
2.000000e+00 4.265089e+00
2.940694e+00 4.250000e+00
3.000000e+00 4.254096e+00
3.250000e+00 4.263839e+00
3.000000e+00 4.254096e+00
3.500000e+00 4.262175e+00
3.250000e+00 4.263839e+00
3.750000e+00 4.251691e+00
3.500000e+00 4.262175e+00
3.772323e+00 4.250000e+00
3.750000e+00 4.251691e+00
1.250000e+00 6.077593e+00
1.213159e+00 6.250000e+00
1.265974e+00 6.000000e+00
1.250000e+00 6.077593e+00
1.213159e+00 6.250000e+00
1.143258e+00 6.500000e+00
1.143258e+00 6.500000e+00
1.055205e+00 6.750000e+00
1.000000e+00 6.884331e+00
9.499371e-01 7.000000e+00
1.055205e+00 6.750000e+00
1.000000e+00 6.884331e+00
9.499371e-01 7.000000e+00
8.329604e-01 7.250000e+00
7.500000e-01 7.412845e+00
7.016003e-01 7.500000e+00
8.329604e-01 7.250000e+00
7.500000e-01 7.412845e+00
7.016003e-01 7.500000e+00
5.559316e-01 7.750000e+00
5.000000e-01 7.822790e+00
3.282899e-01 8.000000e+00
5.559316e-01 7.750000e+00
5.000000e-01 7.822790e+00
4.250000e+00 4.193389e+00
4.000000e+00 4.229807e+00
4.500000e+00 4.131265e+00
4.250000e+00 4.193389e+00
4.750000e+00 4.040172e+00
4.500000e+00 4.131265e+00
4.834785e+00 4.000000e+00
4.750000e+00 4.040172e+00
5.820343e+00 -2.000000e+00
5.854351e+00 -1.750000e+00
5.854351e+00 -1.750000e+00
5.880449e+00 -1.500000e+00
5.880449e+00 -1.500000e+00
5.899805e+00 -1.250000e+00
5.899805e+00 -1.250000e+00
5.913545e+00 -1.000000e+00
5.913545e+00 -1.000000e+00
5.922650e+00 -7.500000e-01
5.922650e+00 -7.500000e-01
5.927988e+00 -5.000000e-01
5.927988e+00 -5.000000e-01
5.930457e+00 -2.500000e-01
5.930457e+00 -2.500000e-01
5.931093e+00 0.000000e+00
-8.558650e+00 8.000000e+00
-8.760256e+00 8.500000e+00
-8.760256e+00 8.500000e+00
-8.982667e+00 9.000000e+00
-9.000000e+00 9.052167e+00
-9.164960e+00 9.500000e+00
-8.982667e+00 9.000000e+00
-9.000000e+00 9.052167e+00
-9.164960e+00 9.500000e+00
-9.284695e+00 1.000000e+01
-9.284695e+00 1.000000e+01
-9.278355e+00 1.050000e+01
-9.278355e+00 1.050000e+01
-9.005603e+00 1.100000e+01
-9.005603e+00 1.100000e+01
-9.000000e+00 1.100424e+01
-8.500000e+00 1.126408e+01
-9.000000e+00 1.100424e+01
-8.000000e+00 1.138793e+01
-8.500000e+00 1.126408e+01
-7.500000e+00 1.142934e+01
-8.000000e+00 1.138793e+01
-7.000000e+00 1.142271e+01
-7.500000e+00 1.142934e+01
-6.500000e+00 1.139403e+01
-7.000000e+00 1.142271e+01
-6.000000e+00 1.135728e+01
-6.500000e+00 1.139403e+01
-5.500000e+00 1.130706e+01
-6.000000e+00 1.135728e+01
-5.000000e+00 1.123177e+01
-5.500000e+00 1.130706e+01
-4.500000e+00 1.113010e+01
-5.000000e+00 1.123177e+01
-4.000000e+00 1.100738e+01
-4.500000e+00 1.113010e+01
0.000000e+00 8.531093e+00
-4.332475e-01 9.000000e+00
-5.000000e-01 9.069551e+00
-9.946460e-01 9.500000e+00
-4.332475e-01 9.000000e+00
-5.000000e-01 9.069551e+00
-1.500000e+00 9.861991e+00
-1.730414e+00 1.000000e+01
-1.000000e+00 9.504619e+00
-1.500000e+00 9.861991e+00
-9.946460e-01 9.500000e+00
-1.000000e+00 9.504619e+00
-2.500000e+00 1.042944e+01
-2.663387e+00 1.050000e+01
-2.000000e+00 1.016562e+01
-2.500000e+00 1.042944e+01
-1.730414e+00 1.000000e+01
-2.000000e+00 1.016562e+01
-3.500000e+00 1.083602e+01
-3.977684e+00 1.100000e+01
-3.000000e+00 1.064566e+01
-3.500000e+00 1.083602e+01
-2.663387e+00 1.050000e+01
-3.000000e+00 1.064566e+01
-3.977684e+00 1.100000e+01
-4.000000e+00 1.100738e+01
3.438019e-01 8.000000e+00
2.373998e-02 8.500000e+00
2.373998e-02 8.500000e+00
0.000000e+00 8.531093e+00
