# density
-8.000000e+00 -1.031224e+01
-8.331927e+00 -1.000000e+01
-8.500000e+00 -9.622735e+00
-8.542777e+00 -9.500000e+00
-8.331927e+00 -1.000000e+01
-8.500000e+00 -9.622735e+00
-8.542777e+00 -9.500000e+00
-8.604400e+00 -9.000000e+00
-8.604400e+00 -9.000000e+00
-8.598032e+00 -8.500000e+00
-8.598032e+00 -8.500000e+00
-8.569728e+00 -8.000000e+00
-7.500000e+00 -1.056954e+01
-7.688612e+00 -1.050000e+01
-7.000000e+00 -1.070174e+01
-7.500000e+00 -1.056954e+01
-6.500000e+00 -1.078905e+01
-7.000000e+00 -1.070174e+01
-6.000000e+00 -1.084388e+01
-6.500000e+00 -1.078905e+01
-5.500000e+00 -1.086462e+01
-6.000000e+00 -1.084388e+01
-5.000000e+00 -1.084492e+01
-5.500000e+00 -1.086462e+01
-4.500000e+00 -1.078524e+01
-5.000000e+00 -1.084492e+01
-4.000000e+00 -1.069081e+01
-4.500000e+00 -1.078524e+01
-7.688612e+00 -1.050000e+01
-8.000000e+00 -1.031224e+01
-3.500000e+00 -1.056734e+01
-4.000000e+00 -1.069081e+01
-3.293717e+00 -1.050000e+01
-3.500000e+00 -1.056734e+01
-3.293717e+00 -1.050000e+01
-3.000000e+00 -1.040678e+01
-2.500000e+00 -1.020578e+01
-3.000000e+00 -1.040678e+01
-2.072234e+00 -1.000000e+01
-2.500000e+00 -1.020578e+01
-2.072234e+00 -1.000000e+01
-2.000000e+00 -9.967181e+00
-1.500000e+00 -9.671224e+00
-2.000000e+00 -9.967181e+00
-1.266410e+00 -9.500000e+00
-1.500000e+00 -9.671224e+00
-1.266410e+00 -9.500000e+00
-1.000000e+00 -9.312769e+00
-6.466545e-01 -9.000000e+00
-1.000000e+00 -9.312769e+00
-6.466545e-01 -9.000000e+00
-5.000000e-01 -8.873422e+00
-1.563560e-01 -8.500000e+00
-5.000000e-01 -8.873422e+00
-1.563560e-01 -8.500000e+00
0.000000e+00 -8.308799e+00
-8.568956e+00 -8.000000e+00
-8.520147e+00 -7.750000e+00
-8.520147e+00 -7.750000e+00
-8.500000e+00 -7.694752e+00
-8.432626e+00 -7.500000e+00
-8.500000e+00 -7.694752e+00
-8.432626e+00 -7.500000e+00
-8.310209e+00 -7.250000e+00
-8.310209e+00 -7.250000e+00
-8.250000e+00 -7.153906e+00
-8.158881e+00 -7.000000e+00
-8.250000e+00 -7.153906e+00
-8.158881e+00 -7.000000e+00
-8.000000e+00 -6.774674e+00
-7.983659e+00 -6.750000e+00
-8.000000e+00 -6.774674e+00
-7.983659e+00 -6.750000e+00
-7.793649e+00 -6.500000e+00
-7.793649e+00 -6.500000e+00
-7.750000e+00 -6.447908e+00
-7.595266e+00 -6.250000e+00
-7.750000e+00 -6.447908e+00
-7.595266e+00 -6.250000e+00
-7.500000e+00 -6.136107e+00
-7.395011e+00 -6.000000e+00
-7.500000e+00 -6.136107e+00
-7.395011e+00 -6.000000e+00
-7.250000e+00 -5.820008e+00
-7.198646e+00 -5.750000e+00
-7.250000e+00 -5.820008e+00
-7.198646e+00 -5.750000e+00
-7.010400e+00 -5.500000e+00
-7.010400e+00 -5.500000e+00
-7.000000e+00 -5.486496e+00
-6.836413e+00 -5.250000e+00
-7.000000e+00 -5.486496e+00
-6.836413e+00 -5.250000e+00
-6.750000e+00 -5.124742e+00
-6.673026e+00 -5.000000e+00
-6.750000e+00 -5.124742e+00
-6.673026e+00 -5.000000e+00
-6.522138e+00 -4.750000e+00
-6.522138e+00 -4.750000e+00
-6.500000e+00 -4.711953e+00
-6.387731e+00 -4.500000e+00
-6.500000e+00 -4.711953e+00
-6.387731e+00 -4.500000e+00
-6.266056e+00 -4.250000e+00
-6.266056e+00 -4.250000e+00
-6.250000e+00 -4.206299e+00
-6.179893e+00 -4.000000e+00
-6.250000e+00 -4.206299e+00
-6.179893e+00 -4.000000e+00
-6.137428e+00 -3.750000e+00
-6.137428e+00 -3.750000e+00
-6.124865e+00 -3.500000e+00
-6.124865e+00 -3.500000e+00
-6.128555e+00 -3.250000e+00
-6.128555e+00 -3.250000e+00
-6.141786e+00 -3.000000e+00
-6.141786e+00 -3.000000e+00
-6.158781e+00 -2.750000e+00
-6.158781e+00 -2.750000e+00
-6.175301e+00 -2.500000e+00
-6.175301e+00 -2.500000e+00
-6.189380e+00 -2.250000e+00
-6.189380e+00 -2.250000e+00
-6.200567e+00 -2.000000e+00
-6.200567e+00 -2.000000e+00
-6.209075e+00 -1.750000e+00
-6.209075e+00 -1.750000e+00
-6.215489e+00 -1.500000e+00
-6.215489e+00 -1.500000e+00
-6.220268e+00 -1.250000e+00
-6.220268e+00 -1.250000e+00
-6.223711e+00 -1.000000e+00
-6.223711e+00 -1.000000e+00
-6.225811e+00 -7.500000e-01
-6.225811e+00 -7.500000e-01
-6.226663e+00 -5.000000e-01
-6.226663e+00 -5.000000e-01
-6.226776e+00 -2.500000e-01
-6.226776e+00 -2.500000e-01
-6.226735e+00 0.000000e+00
2.024532e-01 -8.000000e+00
0.000000e+00 -8.308799e+00
1.829763e-01 -8.000000e+00
2.500000e-01 -7.932608e+00
4.314145e-01 -7.750000e+00
2.500000e-01 -7.932608e+00
4.314145e-01 -7.750000e+00
5.000000e-01 -7.649664e+00
5.965031e-01 -7.500000e+00
5.000000e-01 -7.649664e+00
5.965031e-01 -7.500000e+00
7.500000e-01 -7.253735e+00
7.521884e-01 -7.250000e+00
7.500000e-01 -7.253735e+00
7.521884e-01 -7.250000e+00
8.900672e-01 -7.000000e+00
8.900672e-01 -7.000000e+00
1.000000e+00 -6.781044e+00
1.015122e+00 -6.750000e+00
1.000000e+00 -6.781044e+00
1.015122e+00 -6.750000e+00
1.123431e+00 -6.500000e+00
1.123431e+00 -6.500000e+00
1.212431e+00 -6.250000e+00
1.212431e+00 -6.250000e+00
1.250000e+00 -6.117465e+00
1.282546e+00 -6.000000e+00
1.250000e+00 -6.117465e+00
1.282546e+00 -6.000000e+00
1.334099e+00 -5.750000e+00
1.334099e+00 -5.750000e+00
1.369946e+00 -5.500000e+00
1.369946e+00 -5.500000e+00
1.397747e+00 -5.250000e+00
1.397747e+00 -5.250000e+00
1.433534e+00 -5.000000e+00
1.433534e+00 -5.000000e+00
1.498501e+00 -4.750000e+00
1.498501e+00 -4.750000e+00
1.500000e+00 -4.746171e+00
1.662989e+00 -4.500000e+00
1.500000e+00 -4.746171e+00
1.662989e+00 -4.500000e+00
1.750000e+00 -4.413532e+00
2.000000e+00 -4.287990e+00
1.750000e+00 -4.413532e+00
2.157665e+00 -4.250000e+00
2.000000e+00 -4.287990e+00
2.157665e+00 -4.250000e+00
2.250000e+00 -4.227933e+00
2.500000e+00 -4.198563e+00
2.250000e+00 -4.227933e+00
2.750000e+00 -4.188795e+00
2.500000e+00 -4.198563e+00
3.000000e+00 -4.188371e+00
2.750000e+00 -4.188795e+00
3.250000e+00 -4.155418e+00
3.000000e+00 -4.188371e+00
3.500000e+00 -4.113138e+00
3.250000e+00 -4.155418e+00
3.750000e+00 -4.053846e+00
3.500000e+00 -4.113138e+00
3.948970e+00 -4.000000e+00
3.750000e+00 -4.053846e+00
3.949573e+00 -4.000000e+00
4.000000e+00 -3.986768e+00
4.250000e+00 -3.904013e+00
4.000000e+00 -3.986735e+00
4.500000e+00 -3.756341e+00
4.250000e+00 -3.904013e+00
4.508809e+00 -3.750000e+00
4.500000e+00 -3.756341e+00
4.508809e+00 -3.750000e+00
4.750000e+00 -3.538848e+00
4.787983e+00 -3.500000e+00
4.750000e+00 -3.538848e+00
4.787983e+00 -3.500000e+00
4.989996e+00 -3.250000e+00
4.989996e+00 -3.250000e+00
5.000000e+00 -3.234836e+00
5.144331e+00 -3.000000e+00
5.000000e+00 -3.234836e+00
5.144331e+00 -3.000000e+00
5.250000e+00 -2.786758e+00
5.267405e+00 -2.750000e+00
5.250000e+00 -2.786758e+00
5.267405e+00 -2.750000e+00
5.365222e+00 -2.500000e+00
5.365222e+00 -2.500000e+00
5.443816e+00 -2.250000e+00
5.443816e+00 -2.250000e+00
5.500000e+00 -2.025456e+00
5.506227e+00 -2.000000e+00
5.500000e+00 -2.025456e+00
-8.000000e+00 6.774671e+00
-8.158878e+00 7.000000e+00
-8.250000e+00 7.153911e+00
-8.310206e+00 7.250000e+00
-8.158878e+00 7.000000e+00
-8.250000e+00 7.153911e+00
-8.310206e+00 7.250000e+00
-8.432630e+00 7.500000e+00
-8.500000e+00 7.694755e+00
-8.520144e+00 7.750000e+00
-8.432630e+00 7.500000e+00
-8.500000e+00 7.694755e+00
-8.520144e+00 7.750000e+00
-8.568951e+00 8.000000e+00
-6.226735e+00 0.000000e+00
-6.226776e+00 2.500000e-01
-6.226776e+00 2.500000e-01
-6.226663e+00 5.000000e-01
-6.226663e+00 5.000000e-01
-6.225811e+00 7.500000e-01
-6.225811e+00 7.500000e-01
-6.223711e+00 1.000000e+00
-6.223711e+00 1.000000e+00
-6.220268e+00 1.250000e+00
-6.220268e+00 1.250000e+00
-6.215489e+00 1.500000e+00
-6.215489e+00 1.500000e+00
-6.209075e+00 1.750000e+00
-6.209075e+00 1.750000e+00
-6.200567e+00 2.000000e+00
-6.200567e+00 2.000000e+00
-6.189380e+00 2.250000e+00
-6.189380e+00 2.250000e+00
-6.175301e+00 2.500000e+00
-6.175301e+00 2.500000e+00
-6.158781e+00 2.750000e+00
-6.158781e+00 2.750000e+00
-6.141786e+00 3.000000e+00
-6.141786e+00 3.000000e+00
-6.128555e+00 3.250000e+00
-6.128555e+00 3.250000e+00
-6.124865e+00 3.500000e+00
-6.124865e+00 3.500000e+00
-6.137428e+00 3.750000e+00
-6.137428e+00 3.750000e+00
-6.179893e+00 4.000000e+00
-6.250000e+00 4.206301e+00
-6.266056e+00 4.250000e+00
-6.179893e+00 4.000000e+00
-6.250000e+00 4.206301e+00
-6.266056e+00 4.250000e+00
-6.387730e+00 4.500000e+00
-6.500000e+00 4.711954e+00
-6.522138e+00 4.750000e+00
-6.387730e+00 4.500000e+00
-6.500000e+00 4.711954e+00
-6.522138e+00 4.750000e+00
-6.673025e+00 5.000000e+00
-6.750000e+00 5.124744e+00
-6.836411e+00 5.250000e+00
-6.673025e+00 5.000000e+00
-6.750000e+00 5.124744e+00
-7.000000e+00 5.486499e+00
-7.010398e+00 5.500000e+00
-6.836411e+00 5.250000e+00
-7.000000e+00 5.486499e+00
-7.010398e+00 5.500000e+00
-7.198644e+00 5.750000e+00
-7.250000e+00 5.820010e+00
-7.395010e+00 6.000000e+00
-7.198644e+00 5.750000e+00
-7.250000e+00 5.820010e+00
-7.500000e+00 6.136109e+00
-7.595264e+00 6.250000e+00
-7.395010e+00 6.000000e+00
-7.500000e+00 6.136109e+00
-7.750000e+00 6.447907e+00
-7.793651e+00 6.500000e+00
-7.595264e+00 6.250000e+00
-7.750000e+00 6.447907e+00
-7.793651e+00 6.500000e+00
-7.983661e+00 6.750000e+00
-7.983661e+00 6.750000e+00
-8.000000e+00 6.774671e+00
4.000000e+00 3.986768e+00
3.949573e+00 4.000000e+00
5.661095e+00 0.000000e+00
5.660225e+00 2.500000e-01
5.660225e+00 2.500000e-01
5.656862e+00 5.000000e-01
5.656862e+00 5.000000e-01
5.649607e+00 7.500000e-01
5.649607e+00 7.500000e-01
5.637175e+00 1.000000e+00
5.637175e+00 1.000000e+00
5.618219e+00 1.250000e+00
5.618219e+00 1.250000e+00
5.591227e+00 1.500000e+00
5.591227e+00 1.500000e+00
5.554519e+00 1.750000e+00
5.554519e+00 1.750000e+00
5.506227e+00 2.000000e+00
5.500000e+00 2.025456e+00
5.443816e+00 2.250000e+00
5.506227e+00 2.000000e+00
5.500000e+00 2.025456e+00
5.443816e+00 2.250000e+00
5.365222e+00 2.500000e+00
5.365222e+00 2.500000e+00
5.267405e+00 2.750000e+00
5.250000e+00 2.786758e+00
5.144331e+00 3.000000e+00
5.267405e+00 2.750000e+00
5.250000e+00 2.786758e+00
5.000000e+00 3.234836e+00
4.989996e+00 3.250000e+00
5.144331e+00 3.000000e+00
5.000000e+00 3.234836e+00
4.989996e+00 3.250000e+00
4.787983e+00 3.500000e+00
4.750000e+00 3.538848e+00
4.508809e+00 3.750000e+00
4.787983e+00 3.500000e+00
4.750000e+00 3.538848e+00
4.250000e+00 3.904013e+00
4.000000e+00 3.986735e+00
4.500000e+00 3.756341e+00
4.250000e+00 3.904013e+00
4.508809e+00 3.750000e+00
4.500000e+00 3.756341e+00
1.750000e+00 4.413532e+00
1.662989e+00 4.500000e+00
2.000000e+00 4.287990e+00
1.750000e+00 4.413532e+00
1.500000e+00 4.746171e+00
1.498501e+00 4.750000e+00
1.662989e+00 4.500000e+00
1.500000e+00 4.746171e+00
1.498501e+00 4.750000e+00
1.433534e+00 5.000000e+00
1.433534e+00 5.000000e+00
1.397747e+00 5.250000e+00
1.397747e+00 5.250000e+00
1.369946e+00 5.500000e+00
1.369946e+00 5.500000e+00
1.334099e+00 5.750000e+00
1.334099e+00 5.750000e+00
1.282546e+00 6.000000e+00
2.250000e+00 4.227933e+00
2.157665e+00 4.250000e+00
2.500000e+00 4.198563e+00
2.250000e+00 4.227933e+00
2.750000e+00 4.188795e+00
2.500000e+00 4.198563e+00
3.000000e+00 4.188371e+00
2.750000e+00 4.188795e+00
3.250000e+00 4.155418e+00
3.000000e+00 4.188371e+00
3.500000e+00 4.113138e+00
3.250000e+00 4.155418e+00
3.750000e+00 4.053846e+00
3.500000e+00 4.113138e+00
3.948970e+00 4.000000e+00
3.750000e+00 4.053846e+00
2.157665e+00 4.250000e+00
2.000000e+00 4.287990e+00
1.250000e+00 6.117465e+00
1.212431e+00 6.250000e+00
1.282546e+00 6.000000e+00
1.250000e+00 6.117465e+00
1.212431e+00 6.250000e+00
1.123431e+00 6.500000e+00
1.123431e+00 6.500000e+00
1.015122e+00 6.750000e+00
1.000000e+00 6.781044e+00
8.900672e-01 7.000000e+00
1.015122e+00 6.750000e+00
1.000000e+00 6.781044e+00
8.900672e-01 7.000000e+00
7.521884e-01 7.250000e+00
7.500000e-01 7.253735e+00
5.965034e-01 7.500000e+00
7.521884e-01 7.250000e+00
7.500000e-01 7.253735e+00
5.000000e-01 7.649664e+00
4.314145e-01 7.750000e+00
5.965034e-01 7.500000e+00
5.000000e-01 7.649664e+00
2.500000e-01 7.932608e+00
1.829763e-01 8.000000e+00
4.314145e-01 7.750000e+00
2.500000e-01 7.932608e+00
5.506227e+00 -2.000000e+00
5.554519e+00 -1.750000e+00
5.554519e+00 -1.750000e+00
5.591227e+00 -1.500000e+00
5.591227e+00 -1.500000e+00
5.618219e+00 -1.250000e+00
5.618219e+00 -1.250000e+00
5.637175e+00 -1.000000e+00
5.637175e+00 -1.000000e+00
5.649607e+00 -7.500000e-01
5.649607e+00 -7.500000e-01
5.656862e+00 -5.000000e-01
5.656862e+00 -5.000000e-01
5.660225e+00 -2.500000e-01
5.660225e+00 -2.500000e-01
5.661095e+00 0.000000e+00
-8.569724e+00 8.000000e+00
-8.598028e+00 8.500000e+00
-8.598028e+00 8.500000e+00
-8.604396e+00 9.000000e+00
-8.604396e+00 9.000000e+00
-8.542772e+00 9.500000e+00
-8.542772e+00 9.500000e+00
-8.500000e+00 9.622721e+00
-8.331921e+00 1.000000e+01
-8.500000e+00 9.622721e+00
-8.331921e+00 1.000000e+01
-8.000000e+00 1.031223e+01
-7.688607e+00 1.050000e+01
-8.000000e+00 1.031223e+01
-7.688607e+00 1.050000e+01
-7.500000e+00 1.056954e+01
-7.000000e+00 1.070174e+01
-7.500000e+00 1.056954e+01
-6.500000e+00 1.078905e+01
-7.000000e+00 1.070174e+01
-6.000000e+00 1.084388e+01
-6.500000e+00 1.078905e+01
-5.500000e+00 1.086462e+01
-6.000000e+00 1.084388e+01
-5.000000e+00 1.084491e+01
-5.500000e+00 1.086462e+01
-4.500000e+00 1.078524e+01
-5.000000e+00 1.084491e+01
-4.000000e+00 1.069081e+01
-4.500000e+00 1.078524e+01
0.000000e+00 8.308799e+00
-1.563560e-01 8.500000e+00
-5.000000e-01 8.873422e+00
-6.466545e-01 9.000000e+00
-1.563560e-01 8.500000e+00
-5.000000e-01 8.873422e+00
-1.000000e+00 9.312769e+00
-1.266410e+00 9.500000e+00
-6.466545e-01 9.000000e+00
-1.000000e+00 9.312769e+00
-2.000000e+00 9.967181e+00
-2.072234e+00 1.000000e+01
-1.500000e+00 9.671224e+00
-2.000000e+00 9.967181e+00
-1.266410e+00 9.500000e+00
-1.500000e+00 9.671224e+00
-3.000000e+00 1.040678e+01
-3.293717e+00 1.050000e+01
-2.500000e+00 1.020578e+01
-3.000000e+00 1.040678e+01
-2.072234e+00 1.000000e+01
-2.500000e+00 1.020578e+01
-3.500000e+00 1.056734e+01
-4.000000e+00 1.069081e+01
-3.293717e+00 1.050000e+01
-3.500000e+00 1.056734e+01
2.024532e-01 8.000000e+00
0.000000e+00 8.308799e+00
