# pressure
-1.500000e+00 -4.697533e+00
-1.645616e+00 -4.500000e+00
-1.250000e+00 -4.748290e+00
-1.500000e+00 -4.697533e+00
-1.000000e+00 -4.620806e+00
-1.250000e+00 -4.748290e+00
-9.026921e-01 -4.500000e+00
-1.000000e+00 -4.620806e+00
-1.645616e+00 -4.500000e+00
-1.701584e+00 -4.250000e+00
-9.026921e-01 -4.500000e+00
-7.500000e-01 -4.331659e+00
-7.149849e-01 -4.250000e+00
-7.500000e-01 -4.331659e+00
-1.701584e+00 -4.250000e+00
-1.710407e+00 -4.000000e+00
-7.149849e-01 -4.250000e+00
-5.878521e-01 -4.000000e+00
-1.707139e+00 -4.000000e+00
-1.702410e+00 -3.875000e+00
-1.702410e+00 -3.875000e+00
-1.682482e+00 -3.750000e+00
-1.682482e+00 -3.750000e+00
-1.659989e+00 -3.625000e+00
-1.659989e+00 -3.625000e+00
-1.632979e+00 -3.500000e+00
-1.632979e+00 -3.500000e+00
-1.625000e+00 -3.471472e+00
-1.601816e+00 -3.375000e+00
-1.625000e+00 -3.471472e+00
-1.601816e+00 -3.375000e+00
-1.564324e+00 -3.250000e+00
-1.564324e+00 -3.250000e+00
-1.513479e+00 -3.125000e+00
-1.513479e+00 -3.125000e+00
-1.500000e+00 -3.102497e+00
-1.447847e+00 -3.000000e+00
-1.500000e+00 -3.102497e+00
-5.905956e-01 -4.000000e+00
-5.000000e-01 -3.913048e+00
-4.754045e-01 -3.875000e+00
-5.000000e-01 -3.913048e+00
-4.754045e-01 -3.875000e+00
-4.096141e-01 -3.750000e+00
-4.096141e-01 -3.750000e+00
-3.750000e-01 -3.690041e+00
-3.467853e-01 -3.625000e+00
-3.750000e-01 -3.690041e+00
-3.467853e-01 -3.625000e+00
-2.900676e-01 -3.500000e+00
-2.900676e-01 -3.500000e+00
-2.500000e-01 -3.407705e+00
-2.389457e-01 -3.375000e+00
-2.500000e-01 -3.407705e+00
-2.389457e-01 -3.375000e+00
-2.047230e-01 -3.250000e+00
-2.047230e-01 -3.250000e+00
-1.797277e-01 -3.125000e+00
-1.797277e-01 -3.125000e+00
-1.614413e-01 -3.000000e+00
-1.500000e+00 3.102497e+00
-1.513479e+00 3.125000e+00
-1.447847e+00 3.000000e+00
-1.500000e+00 3.102497e+00
-1.513479e+00 3.125000e+00
-1.564324e+00 3.250000e+00
-1.564324e+00 3.250000e+00
-1.601816e+00 3.375000e+00
-1.625000e+00 3.471473e+00
-1.632979e+00 3.500000e+00
-1.601816e+00 3.375000e+00
-1.625000e+00 3.471473e+00
-1.632979e+00 3.500000e+00
-1.659989e+00 3.625000e+00
-1.659989e+00 3.625000e+00
-1.682482e+00 3.750000e+00
-1.682482e+00 3.750000e+00
-1.702410e+00 3.875000e+00
-1.702410e+00 3.875000e+00
-1.707138e+00 4.000000e+00
-1.614413e-01 3.000000e+00
-1.797277e-01 3.125000e+00
-1.797277e-01 3.125000e+00
-2.047230e-01 3.250000e+00
-2.047230e-01 3.250000e+00
-2.389458e-01 3.375000e+00
-2.500000e-01 3.407705e+00
-2.900676e-01 3.500000e+00
-2.389458e-01 3.375000e+00
-2.500000e-01 3.407705e+00
-2.900676e-01 3.500000e+00
-3.467853e-01 3.625000e+00
-3.750000e-01 3.690041e+00
-4.096140e-01 3.750000e+00
-3.467853e-01 3.625000e+00
-3.750000e-01 3.690041e+00
-4.096140e-01 3.750000e+00
-4.754045e-01 3.875000e+00
-5.000000e-01 3.913048e+00
-5.905956e-01 4.000000e+00
-4.754045e-01 3.875000e+00
-5.000000e-01 3.913048e+00
-1.710406e+00 4.000000e+00
-1.701584e+00 4.250000e+00
-5.878521e-01 4.000000e+00
-7.149852e-01 4.250000e+00
-1.701584e+00 4.250000e+00
-1.645615e+00 4.500000e+00
-7.500000e-01 4.331658e+00
-9.026921e-01 4.500000e+00
-7.149852e-01 4.250000e+00
-7.500000e-01 4.331658e+00
-1.645615e+00 4.500000e+00
-1.500000e+00 4.697531e+00
-1.250000e+00 4.748290e+00
-1.500000e+00 4.697531e+00
-1.000000e+00 4.620805e+00
-1.250000e+00 4.748290e+00
-9.026921e-01 4.500000e+00
-1.000000e+00 4.620805e+00
-1.447847e+00 -3.000000e+00
-1.375000e+00 -2.895193e+00
-1.362944e+00 -2.875000e+00
-1.375000e+00 -2.895193e+00
-1.362944e+00 -2.875000e+00
-1.269580e+00 -2.750000e+00
-1.269580e+00 -2.750000e+00
-1.250000e+00 -2.728035e+00
-1.170232e+00 -2.625000e+00
-1.250000e+00 -2.728035e+00
-1.170232e+00 -2.625000e+00
-1.125000e+00 -2.575652e+00
-1.066124e+00 -2.500000e+00
-1.125000e+00 -2.575652e+00
-1.066124e+00 -2.500000e+00
-1.000000e+00 -2.396060e+00
-1.125000e+00 -2.230995e+00
-1.218146e+00 -2.125000e+00
-1.000000e+00 -2.239070e+00
-1.125000e+00 -2.230995e+00
-1.250000e+00 -2.093146e+00
-1.342968e+00 -2.000000e+00
-1.218146e+00 -2.125000e+00
-1.250000e+00 -2.093146e+00
-1.614413e-01 -3.000000e+00
-1.487814e-01 -2.875000e+00
-1.487814e-01 -2.875000e+00
-1.418017e-01 -2.750000e+00
-1.418017e-01 -2.750000e+00
-1.419521e-01 -2.625000e+00
-1.419521e-01 -2.625000e+00
-1.440444e-01 -2.500000e+00
-9.907888e-01 -2.375000e+00
-1.000000e+00 -2.396060e+00
-1.440444e-01 -2.500000e+00
-1.250000e-01 -2.496153e+00
0.000000e+00 -2.473069e+00
-1.250000e-01 -2.496153e+00
-9.907888e-01 -2.375000e+00
-9.890696e-01 -2.250000e+00
-9.890696e-01 -2.250000e+00
-1.000000e+00 -2.239070e+00
-2.000000e+00 -1.347181e+00
-2.095799e+00 -1.250000e+00
-2.125000e+00 -1.220799e+00
-2.221578e+00 -1.125000e+00
-2.095799e+00 -1.250000e+00
-2.125000e+00 -1.220799e+00
-2.221578e+00 -1.125000e+00
-2.223622e+00 -1.000000e+00
-2.250000e+00 -9.736216e-01
-2.347058e+00 -8.750000e-01
-2.223622e+00 -1.000000e+00
-2.250000e+00 -9.736216e-01
-2.347058e+00 -8.750000e-01
-2.347161e+00 -7.500000e-01
-2.347161e+00 -7.500000e-01
-2.347210e+00 -6.250000e-01
-2.347210e+00 -6.250000e-01
-2.347224e+00 -5.000000e-01
-2.375000e+00 -4.722237e-01
-2.472321e+00 -3.750000e-01
-2.347224e+00 -5.000000e-01
-2.375000e+00 -4.722237e-01
-2.472321e+00 -3.750000e-01
-2.472334e+00 -2.500000e-01
-2.472334e+00 -2.500000e-01
-2.472338e+00 -1.250000e-01
-2.472338e+00 -1.250000e-01
-2.472338e+00 0.000000e+00
-1.500000e+00 -1.967945e+00
-1.591376e+00 -1.875000e+00
-1.375000e+00 -1.967968e+00
-1.500000e+00 -1.967945e+00
-1.342968e+00 -2.000000e+00
-1.375000e+00 -1.967968e+00
-1.625000e+00 -1.841376e+00
-1.717553e+00 -1.750000e+00
-1.591376e+00 -1.875000e+00
-1.625000e+00 -1.841376e+00
-1.750000e+00 -1.717553e+00
-1.843745e+00 -1.625000e+00
-1.717553e+00 -1.750000e+00
-1.750000e+00 -1.717553e+00
-1.875000e+00 -1.593745e+00
-1.972062e+00 -1.500000e+00
-1.843745e+00 -1.625000e+00
-1.875000e+00 -1.593745e+00
-1.972062e+00 -1.500000e+00
-1.972181e+00 -1.375000e+00
-1.972181e+00 -1.375000e+00
-2.000000e+00 -1.347181e+00
1.250000e-01 -2.458792e+00
0.000000e+00 -2.473069e+00
2.500000e-01 -2.450608e+00
1.250000e-01 -2.458792e+00
3.750000e-01 -2.446207e+00
2.500000e-01 -2.450608e+00
4.431329e-01 -2.375000e+00
3.750000e-01 -2.446207e+00
4.431329e-01 -2.375000e+00
5.000000e-01 -2.318133e+00
6.250000e-01 -2.318029e+00
5.000000e-01 -2.318133e+00
7.500000e-01 -2.317854e+00
6.250000e-01 -2.318029e+00
8.750000e-01 -2.317793e+00
7.500000e-01 -2.317854e+00
9.444634e-01 -2.250000e+00
8.750000e-01 -2.317793e+00
9.444634e-01 -2.250000e+00
1.000000e+00 -2.194463e+00
1.125000e+00 -2.193631e+00
1.000000e+00 -2.194463e+00
1.195444e+00 -2.125000e+00
1.125000e+00 -2.193631e+00
1.195444e+00 -2.125000e+00
1.250000e+00 -2.070444e+00
1.322780e+00 -2.000000e+00
1.250000e+00 -2.070444e+00
1.322780e+00 -2.000000e+00
1.375000e+00 -1.947780e+00
1.500000e+00 -1.947900e+00
1.375000e+00 -1.947780e+00
1.572033e+00 -1.875000e+00
1.500000e+00 -1.947900e+00
1.572033e+00 -1.875000e+00
1.625000e+00 -1.822033e+00
1.697294e+00 -1.750000e+00
1.625000e+00 -1.822033e+00
1.697294e+00 -1.750000e+00
1.750000e+00 -1.697294e+00
1.822540e+00 -1.625000e+00
1.750000e+00 -1.697294e+00
1.822540e+00 -1.625000e+00
1.875000e+00 -1.572540e+00
1.949441e+00 -1.500000e+00
1.875000e+00 -1.572540e+00
1.949441e+00 -1.500000e+00
1.949488e+00 -1.375000e+00
1.949488e+00 -1.375000e+00
2.000000e+00 -1.324488e+00
2.073095e+00 -1.250000e+00
2.000000e+00 -1.324488e+00
2.073095e+00 -1.250000e+00
2.125000e+00 -1.198095e+00
2.198350e+00 -1.125000e+00
2.125000e+00 -1.198095e+00
2.198350e+00 -1.125000e+00
2.199956e+00 -1.000000e+00
2.199956e+00 -1.000000e+00
2.250000e+00 -9.499560e-01
2.323560e+00 -8.750000e-01
2.250000e+00 -9.499560e-01
2.323560e+00 -8.750000e-01
2.323627e+00 -7.500000e-01
2.323627e+00 -7.500000e-01
2.323667e+00 -6.250000e-01
2.323667e+00 -6.250000e-01
2.323680e+00 -5.000000e-01
2.323680e+00 -5.000000e-01
2.375000e+00 -4.486796e-01
2.448738e+00 -3.750000e-01
2.375000e+00 -4.486796e-01
2.448738e+00 -3.750000e-01
2.448755e+00 -2.500000e-01
2.448755e+00 -2.500000e-01
2.448762e+00 -1.250000e-01
2.448762e+00 -1.250000e-01
2.448764e+00 0.000000e+00
-2.472338e+00 0.000000e+00
-2.472338e+00 1.250000e-01
-2.472338e+00 1.250000e-01
-2.472334e+00 2.500000e-01
-2.472334e+00 2.500000e-01
-2.472321e+00 3.750000e-01
-2.472321e+00 3.750000e-01
-2.375000e+00 4.722237e-01
-2.347224e+00 5.000000e-01
-2.375000e+00 4.722237e-01
-2.347224e+00 5.000000e-01
-2.347210e+00 6.250000e-01
-2.347210e+00 6.250000e-01
-2.347161e+00 7.500000e-01
-2.347161e+00 7.500000e-01
-2.347058e+00 8.750000e-01
-2.347058e+00 8.750000e-01
-2.250000e+00 9.736216e-01
-2.223622e+00 1.000000e+00
-2.250000e+00 9.736216e-01
-2.223622e+00 1.000000e+00
-2.221578e+00 1.125000e+00
-2.221578e+00 1.125000e+00
-2.125000e+00 1.220799e+00
-2.095799e+00 1.250000e+00
-2.125000e+00 1.220799e+00
-2.095799e+00 1.250000e+00
-2.000000e+00 1.347181e+00
-1.972181e+00 1.375000e+00
-2.000000e+00 1.347181e+00
-1.972181e+00 1.375000e+00
-1.972062e+00 1.500000e+00
-1.972062e+00 1.500000e+00
-1.875000e+00 1.593745e+00
-1.843745e+00 1.625000e+00
-1.875000e+00 1.593745e+00
-1.843745e+00 1.625000e+00
-1.750000e+00 1.717553e+00
-1.717553e+00 1.750000e+00
-1.750000e+00 1.717553e+00
-1.717553e+00 1.750000e+00
-1.625000e+00 1.841376e+00
-1.591376e+00 1.875000e+00
-1.625000e+00 1.841376e+00
-1.591376e+00 1.875000e+00
-1.500000e+00 1.967945e+00
-1.375000e+00 1.967968e+00
-1.500000e+00 1.967945e+00
-1.342968e+00 2.000000e+00
-1.375000e+00 1.967968e+00
-1.342968e+00 2.000000e+00
-1.250000e+00 2.093146e+00
-1.218146e+00 2.125000e+00
-1.250000e+00 2.093146e+00
-1.218146e+00 2.125000e+00
-1.125000e+00 2.230995e+00
-1.000000e+00 2.239070e+00
-1.125000e+00 2.230995e+00
-1.000000e+00 2.396060e+00
-1.066124e+00 2.500000e+00
-1.125000e+00 2.575652e+00
-1.170232e+00 2.625000e+00
-1.066124e+00 2.500000e+00
-1.125000e+00 2.575652e+00
-1.250000e+00 2.728036e+00
-1.269579e+00 2.750000e+00
-1.170232e+00 2.625000e+00
-1.250000e+00 2.728036e+00
-1.269579e+00 2.750000e+00
-1.362944e+00 2.875000e+00
-1.375000e+00 2.895193e+00
-1.447847e+00 3.000000e+00
-1.362944e+00 2.875000e+00
-1.375000e+00 2.895193e+00
-9.890696e-01 2.250000e+00
-1.000000e+00 2.239070e+00
-9.890696e-01 2.250000e+00
-9.907888e-01 2.375000e+00
-9.907888e-01 2.375000e+00
-1.000000e+00 2.396060e+00
-1.250000e-01 2.496153e+00
-1.440444e-01 2.500000e+00
0.000000e+00 2.473069e+00
-1.250000e-01 2.496153e+00
-1.440444e-01 2.500000e+00
-1.419521e-01 2.625000e+00
-1.419521e-01 2.625000e+00
-1.418017e-01 2.750000e+00
-1.418017e-01 2.750000e+00
-1.487814e-01 2.875000e+00
-1.487814e-01 2.875000e+00
-1.614413e-01 3.000000e+00
2.000000e+00 1.324488e+00
1.949488e+00 1.375000e+00
1.949488e+00 1.375000e+00
1.949441e+00 1.500000e+00
1.875000e+00 1.572540e+00
1.822540e+00 1.625000e+00
1.949441e+00 1.500000e+00
1.875000e+00 1.572540e+00
1.750000e+00 1.697294e+00
1.697294e+00 1.750000e+00
1.822540e+00 1.625000e+00
1.750000e+00 1.697294e+00
1.625000e+00 1.822033e+00
1.572033e+00 1.875000e+00
1.697294e+00 1.750000e+00
1.625000e+00 1.822033e+00
1.375000e+00 1.947780e+00
1.322780e+00 2.000000e+00
1.500000e+00 1.947900e+00
1.375000e+00 1.947780e+00
1.572033e+00 1.875000e+00
1.500000e+00 1.947900e+00
2.448764e+00 0.000000e+00
2.448762e+00 1.250000e-01
2.448762e+00 1.250000e-01
2.448755e+00 2.500000e-01
2.448755e+00 2.500000e-01
2.448738e+00 3.750000e-01
2.375000e+00 4.486796e-01
2.323680e+00 5.000000e-01
2.448738e+00 3.750000e-01
2.375000e+00 4.486796e-01
2.323680e+00 5.000000e-01
2.323667e+00 6.250000e-01
2.323667e+00 6.250000e-01
2.323627e+00 7.500000e-01
2.323627e+00 7.500000e-01
2.323560e+00 8.750000e-01
2.250000e+00 9.499560e-01
2.199956e+00 1.000000e+00
2.323560e+00 8.750000e-01
2.250000e+00 9.499560e-01
2.199956e+00 1.000000e+00
2.198350e+00 1.125000e+00
2.125000e+00 1.198095e+00
2.073095e+00 1.250000e+00
2.198350e+00 1.125000e+00
2.125000e+00 1.198095e+00
2.073095e+00 1.250000e+00
2.000000e+00 1.324488e+00
1.000000e+00 2.194463e+00
9.444634e-01 2.250000e+00
5.000000e-01 2.318133e+00
4.431329e-01 2.375000e+00
6.250000e-01 2.318029e+00
5.000000e-01 2.318133e+00
7.500000e-01 2.317854e+00
6.250000e-01 2.318029e+00
8.750000e-01 2.317793e+00
7.500000e-01 2.317854e+00
9.444634e-01 2.250000e+00
8.750000e-01 2.317793e+00
1.250000e-01 2.458792e+00
0.000000e+00 2.473069e+00
2.500000e-01 2.450608e+00
1.250000e-01 2.458792e+00
3.750000e-01 2.446207e+00
2.500000e-01 2.450608e+00
4.431329e-01 2.375000e+00
3.750000e-01 2.446207e+00
1.250000e+00 2.070444e+00
1.195444e+00 2.125000e+00
1.322780e+00 2.000000e+00
1.250000e+00 2.070444e+00
1.125000e+00 2.193631e+00
1.000000e+00 2.194463e+00
1.195444e+00 2.125000e+00
1.125000e+00 2.193631e+00
