# pressure
-1.125000e+00 -2.192211e+00
-1.190928e+00 -2.125000e+00
-1.000000e+00 -2.195969e+00
-1.125000e+00 -2.192211e+00
-1.250000e+00 -2.065928e+00
-1.317401e+00 -2.000000e+00
-1.190928e+00 -2.125000e+00
-1.250000e+00 -2.065928e+00
-3.750000e-01 -2.449620e+00
-4.505059e-01 -2.375000e+00
-2.500000e-01 -2.447472e+00
-3.750000e-01 -2.449620e+00
-1.250000e-01 -2.444852e+00
-2.500000e-01 -2.447472e+00
0.000000e+00 -2.442510e+00
-1.250000e-01 -2.444852e+00
-8.750000e-01 -2.321587e+00
-9.459687e-01 -2.250000e+00
-7.500000e-01 -2.323634e+00
-8.750000e-01 -2.321587e+00
-6.250000e-01 -2.325036e+00
-7.500000e-01 -2.323634e+00
-5.000000e-01 -2.325506e+00
-6.250000e-01 -2.325036e+00
-4.505059e-01 -2.375000e+00
-5.000000e-01 -2.325506e+00
-9.459687e-01 -2.250000e+00
-1.000000e+00 -2.195969e+00
-2.000000e+00 -1.318201e+00
-2.066801e+00 -1.250000e+00
-2.125000e+00 -1.191801e+00
-2.191920e+00 -1.125000e+00
-2.066801e+00 -1.250000e+00
-2.125000e+00 -1.191801e+00
-2.191920e+00 -1.125000e+00
-2.193429e+00 -1.000000e+00
-2.250000e+00 -9.434289e-01
-2.316992e+00 -8.750000e-01
-2.193429e+00 -1.000000e+00
-2.250000e+00 -9.434289e-01
-2.316992e+00 -8.750000e-01
-2.317009e+00 -7.500000e-01
-2.317009e+00 -7.500000e-01
-2.317017e+00 -6.250000e-01
-2.317017e+00 -6.250000e-01
-2.317019e+00 -5.000000e-01
-2.375000e+00 -4.420195e-01
-2.442034e+00 -3.750000e-01
-2.317019e+00 -5.000000e-01
-2.375000e+00 -4.420195e-01
-2.442034e+00 -3.750000e-01
-2.442037e+00 -2.500000e-01
-2.442037e+00 -2.500000e-01
-2.442038e+00 -1.250000e-01
-2.442038e+00 -1.250000e-01
-2.442038e+00 0.000000e+00
-1.500000e+00 -1.942394e+00
-1.565977e+00 -1.875000e+00
-1.375000e+00 -1.942401e+00
-1.500000e+00 -1.942394e+00
-1.317401e+00 -2.000000e+00
-1.375000e+00 -1.942401e+00
-1.625000e+00 -1.815977e+00
-1.691211e+00 -1.750000e+00
-1.565977e+00 -1.875000e+00
-1.625000e+00 -1.815977e+00
-1.750000e+00 -1.691211e+00
-1.816436e+00 -1.625000e+00
-1.691211e+00 -1.750000e+00
-1.750000e+00 -1.691211e+00
-1.875000e+00 -1.566436e+00
-1.943177e+00 -1.500000e+00
-1.816436e+00 -1.625000e+00
-1.875000e+00 -1.566436e+00
-1.943177e+00 -1.500000e+00
-1.943201e+00 -1.375000e+00
-1.943201e+00 -1.375000e+00
-2.000000e+00 -1.318201e+00
1.250000e-01 -2.440811e+00
0.000000e+00 -2.442510e+00
2.500000e-01 -2.439700e+00
1.250000e-01 -2.440811e+00
3.750000e-01 -2.439039e+00
2.500000e-01 -2.439700e+00
4.385488e-01 -2.375000e+00
3.750000e-01 -2.439039e+00
4.385488e-01 -2.375000e+00
5.000000e-01 -2.313549e+00
6.250000e-01 -2.313532e+00
5.000000e-01 -2.313549e+00
7.500000e-01 -2.313507e+00
6.250000e-01 -2.313532e+00
8.750000e-01 -2.313507e+00
7.500000e-01 -2.313507e+00
9.397504e-01 -2.250000e+00
8.750000e-01 -2.313507e+00
9.397504e-01 -2.250000e+00
1.000000e+00 -2.189750e+00
1.125000e+00 -2.188670e+00
1.000000e+00 -2.189750e+00
1.188981e+00 -2.125000e+00
1.125000e+00 -2.188670e+00
1.188981e+00 -2.125000e+00
1.250000e+00 -2.063981e+00
1.315590e+00 -2.000000e+00
1.250000e+00 -2.063981e+00
1.315590e+00 -2.000000e+00
1.375000e+00 -1.940590e+00
1.500000e+00 -1.940623e+00
1.375000e+00 -1.940590e+00
1.564296e+00 -1.875000e+00
1.500000e+00 -1.940623e+00
1.564296e+00 -1.875000e+00
1.625000e+00 -1.814296e+00
1.689355e+00 -1.750000e+00
1.625000e+00 -1.814296e+00
1.689355e+00 -1.750000e+00
1.750000e+00 -1.689355e+00
1.814403e+00 -1.625000e+00
1.750000e+00 -1.689355e+00
1.814403e+00 -1.625000e+00
1.875000e+00 -1.564403e+00
1.940953e+00 -1.500000e+00
1.875000e+00 -1.564403e+00
1.940953e+00 -1.500000e+00
1.940960e+00 -1.375000e+00
1.940960e+00 -1.375000e+00
2.000000e+00 -1.315960e+00
2.064501e+00 -1.250000e+00
2.000000e+00 -1.315960e+00
2.064501e+00 -1.250000e+00
2.125000e+00 -1.189501e+00
2.189544e+00 -1.125000e+00
2.125000e+00 -1.189501e+00
2.189544e+00 -1.125000e+00
2.191040e+00 -1.000000e+00
2.191040e+00 -1.000000e+00
2.250000e+00 -9.410398e-01
2.314577e+00 -8.750000e-01
2.250000e+00 -9.410398e-01
2.314577e+00 -8.750000e-01
2.314587e+00 -7.500000e-01
2.314587e+00 -7.500000e-01
2.314593e+00 -6.250000e-01
2.314593e+00 -6.250000e-01
2.314595e+00 -5.000000e-01
2.314595e+00 -5.000000e-01
2.375000e+00 -4.395946e-01
2.439603e+00 -3.750000e-01
2.375000e+00 -4.395946e-01
2.439603e+00 -3.750000e-01
2.439605e+00 -2.500000e-01
2.439605e+00 -2.500000e-01
2.439606e+00 -1.250000e-01
2.439606e+00 -1.250000e-01
2.439606e+00 0.000000e+00
-2.442038e+00 0.000000e+00
-2.442038e+00 1.250000e-01
-2.442038e+00 1.250000e-01
-2.442037e+00 2.500000e-01
-2.442037e+00 2.500000e-01
-2.442034e+00 3.750000e-01
-2.442034e+00 3.750000e-01
-2.375000e+00 4.420195e-01
-2.317019e+00 5.000000e-01
-2.375000e+00 4.420195e-01
-2.317019e+00 5.000000e-01
-2.317017e+00 6.250000e-01
-2.317017e+00 6.250000e-01
-2.317009e+00 7.500000e-01
-2.317009e+00 7.500000e-01
-2.316992e+00 8.750000e-01
-2.316992e+00 8.750000e-01
-2.250000e+00 9.434289e-01
-2.193429e+00 1.000000e+00
-2.250000e+00 9.434289e-01
-2.193429e+00 1.000000e+00
-2.191920e+00 1.125000e+00
-2.191920e+00 1.125000e+00
-2.125000e+00 1.191801e+00
-2.066801e+00 1.250000e+00
-2.125000e+00 1.191801e+00
-2.066801e+00 1.250000e+00
-2.000000e+00 1.318201e+00
-1.943201e+00 1.375000e+00
-2.000000e+00 1.318201e+00
-1.943201e+00 1.375000e+00
-1.943177e+00 1.500000e+00
-1.943177e+00 1.500000e+00
-1.875000e+00 1.566436e+00
-1.816436e+00 1.625000e+00
-1.875000e+00 1.566436e+00
-1.816436e+00 1.625000e+00
-1.750000e+00 1.691211e+00
-1.691211e+00 1.750000e+00
-1.750000e+00 1.691211e+00
-1.691211e+00 1.750000e+00
-1.625000e+00 1.815977e+00
-1.565977e+00 1.875000e+00
-1.625000e+00 1.815977e+00
-1.565977e+00 1.875000e+00
-1.500000e+00 1.942394e+00
-1.375000e+00 1.942401e+00
-1.500000e+00 1.942394e+00
-1.317401e+00 2.000000e+00
-1.375000e+00 1.942401e+00
-1.317401e+00 2.000000e+00
-1.250000e+00 2.065928e+00
-1.190928e+00 2.125000e+00
-1.250000e+00 2.065928e+00
-1.190928e+00 2.125000e+00
-1.125000e+00 2.192211e+00
-1.000000e+00 2.195969e+00
-1.125000e+00 2.192211e+00
-9.459687e-01 2.250000e+00
-1.000000e+00 2.195969e+00
-9.459687e-01 2.250000e+00
-8.750000e-01 2.321587e+00
-7.500000e-01 2.323634e+00
-8.750000e-01 2.321587e+00
-6.250000e-01 2.325036e+00
-7.500000e-01 2.323634e+00
-5.000000e-01 2.325506e+00
-6.250000e-01 2.325036e+00
-4.505059e-01 2.375000e+00
-5.000000e-01 2.325506e+00
-4.505059e-01 2.375000e+00
-3.750000e-01 2.449620e+00
-2.500000e-01 2.447472e+00
-3.750000e-01 2.449620e+00
-1.250000e-01 2.444852e+00
-2.500000e-01 2.447472e+00
0.000000e+00 2.442510e+00
-1.250000e-01 2.444852e+00
2.000000e+00 1.315960e+00
1.940960e+00 1.375000e+00
1.940960e+00 1.375000e+00
1.940953e+00 1.500000e+00
1.875000e+00 1.564403e+00
1.814403e+00 1.625000e+00
1.940953e+00 1.500000e+00
1.875000e+00 1.564403e+00
1.750000e+00 1.689355e+00
1.689355e+00 1.750000e+00
1.814403e+00 1.625000e+00
1.750000e+00 1.689355e+00
1.625000e+00 1.814296e+00
1.564296e+00 1.875000e+00
1.689355e+00 1.750000e+00
1.625000e+00 1.814296e+00
1.375000e+00 1.940590e+00
1.315590e+00 2.000000e+00
1.500000e+00 1.940623e+00
1.375000e+00 1.940590e+00
1.564296e+00 1.875000e+00
1.500000e+00 1.940623e+00
2.439606e+00 0.000000e+00
2.439606e+00 1.250000e-01
2.439606e+00 1.250000e-01
2.439605e+00 2.500000e-01
2.439605e+00 2.500000e-01
2.439603e+00 3.750000e-01
2.375000e+00 4.395946e-01
2.314595e+00 5.000000e-01
2.439603e+00 3.750000e-01
2.375000e+00 4.395946e-01
2.314595e+00 5.000000e-01
2.314593e+00 6.250000e-01
2.314593e+00 6.250000e-01
2.314587e+00 7.500000e-01
2.314587e+00 7.500000e-01
2.314577e+00 8.750000e-01
2.250000e+00 9.410398e-01
2.191040e+00 1.000000e+00
2.314577e+00 8.750000e-01
2.250000e+00 9.410398e-01
2.191040e+00 1.000000e+00
2.189544e+00 1.125000e+00
2.125000e+00 1.189501e+00
2.064501e+00 1.250000e+00
2.189544e+00 1.125000e+00
2.125000e+00 1.189501e+00
2.064501e+00 1.250000e+00
2.000000e+00 1.315960e+00
1.000000e+00 2.189750e+00
9.397504e-01 2.250000e+00
5.000000e-01 2.313549e+00
4.385488e-01 2.375000e+00
6.250000e-01 2.313532e+00
5.000000e-01 2.313549e+00
7.500000e-01 2.313507e+00
6.250000e-01 2.313532e+00
8.750000e-01 2.313507e+00
7.500000e-01 2.313507e+00
9.397504e-01 2.250000e+00
8.750000e-01 2.313507e+00
1.250000e-01 2.440811e+00
0.000000e+00 2.442510e+00
2.500000e-01 2.439700e+00
1.250000e-01 2.440811e+00
3.750000e-01 2.439039e+00
2.500000e-01 2.439700e+00
4.385488e-01 2.375000e+00
3.750000e-01 2.439039e+00
1.250000e+00 2.063981e+00
1.188981e+00 2.125000e+00
1.315590e+00 2.000000e+00
1.250000e+00 2.063981e+00
1.125000e+00 2.188670e+00
1.000000e+00 2.189750e+00
1.188981e+00 2.125000e+00
1.125000e+00 2.188670e+00
