Sw H+ Iono H	North to South	T = 12:00:00	
Nightside		Dayside	
X[R]	Z[R]	X[R]	Z[R]
-0.057517964	-0.394447513	0.098459051	-0.397843234
-0.064294002	-0.412178874	0.105045433	-0.415078307
-0.072409107	-0.433414271	0.112582128	-0.434800134
-0.080438392	-0.454425095	0.121339981	-0.457717458
-0.089623823	-0.478461293	0.130981744	-0.482643276
-0.099377524	-0.504208878	0.142123859	-0.510333008
-0.109978791	-0.533216668	0.153366149	-0.537038919
-0.119879905	-0.561351676	0.164819818	-0.563132635
-0.129457968	-0.588790254	0.176644335	-0.588882105
-0.138641477	-0.615089202	0.188683442	-0.614614601
-0.148159281	-0.642518786	0.201025605	-0.64062855
-0.157762876	-0.670154749	0.214040967	-0.666840243
-0.167620317	-0.697343522	0.227564273	-0.692949563
-0.17774971	-0.724432274	0.241231865	-0.718732842
-0.187886157	-0.751397278	0.254968776	-0.744072812
-0.198481656	-0.779067186	0.269180824	-0.769958702
-0.209402748	-0.806541351	0.283544938	-0.795744237
-0.220496158	-0.833935935	0.298137813	-0.821177798
-0.231583888	-0.861089412	0.313034332	-0.846591589
-0.242978164	-0.888235472	0.327989231	-0.871839196
-0.254854052	-0.915639198	0.343401356	-0.897226687
-0.266838662	-0.942771936	0.359288707	-0.922525329
-0.275270965	-0.961571274	0.375483144	-0.947575359
-0.281013433	-0.97424331	0.38683194	-0.964823238
-0.284887302	-0.982774254	0.394514792	-0.976426294
-0.287477823	-0.988491691	0.399699477	-0.984234545
-0.289208425	-0.992317215	0.403174078	-0.989469692
-0.290363771	-0.994873899	0.405496059	-0.992971459
-0.291134722	-0.996581218	0.407046566	-0.995311275
-0.291649012	-0.997720717	0.408081369	-0.996873548
-0.291992014	-0.998480959	0.408771744	-0.997916138
-0.292220746	-0.998988045	0.409232221	-0.99861168
-0.292373263	-0.999326217	0.409539306	-0.999075589
-0.292474953	-0.999551716	0.409744074	-0.999384957
-0.292542753	-0.999702072	0.409880606	-0.999591246
-0.292587954	-0.999802319	0.409971636	-0.99972879
-0.29261809	-0.999869155	0.410032327	-0.999820495
-0.292638181	-0.999913714	0.41007279	-0.999881635
-0.292651575	-0.999943421	0.410099765	-0.999922397
-0.292660505	-0.999963226	0.410117749	-0.999949573
-0.292666458	-0.99997643	0.410129739	-0.99996769
-0.292670427	-0.999985232	0.410137732	-0.999979768
-0.292673073	-0.9999911	0.410143061	-0.99998782
-0.292674837	-0.999995013	0.410146613	-0.999993189
-0.292676012	-0.999997621	0.410148982	-0.999996767
-0.292676796	-0.99999936	0.410150561	-0.999999153
-0.29267758	-1.000001098	0.410151613	-1.000000744
-0.292679148	-1.000004576	0.410152666	-1.000002334
-0.293480488	-1.001780735	0.410154771	-1.000005516
-0.295082004	-1.005323371	0.410163192	-1.00001824
-0.298280142	-1.012368878	0.410196874	-1.000069135
-0.310813497	-1.039581217	0.410331582	-1.000272663
-0.323549519	-1.066660298	0.410600967	-1.000679572
-0.336426265	-1.093655223	0.411139613	-1.001492791
-0.349367933	-1.120443366	0.412216398	-1.003116823
-0.362681509	-1.147370668	0.416502795	-1.009559581
-0.376303588	-1.174266461	0.425037745	-1.022278823
-0.39002464	-1.20094423	0.441929379	-1.046983053
-0.403837806	-1.227493021	0.459110101	-1.071570574
-0.417772401	-1.254106567	0.476472956	-1.096004222
-0.431891617	-1.280827135	0.493971739	-1.12020076
-0.446188953	-1.307388647	0.511820001	-1.144413256
-0.460664519	-1.333921717	0.529891821	-1.168500346
-0.475203322	-1.360299102	0.54811473	-1.192369872
-0.489950511	-1.3866037	0.566561921	-1.2161559
-0.504990113	-1.412956262	0.58514039	-1.239808332
-0.520135325	-1.439147913	0.603950004	-1.263333285
-0.535386965	-1.465205785	0.623127998	-1.286768997
-0.550767234	-1.491265178	0.642483697	-1.309987882
-0.566278634	-1.517328059	0.661950504	-1.333019942
-0.581978267	-1.543302967	0.681601662	-1.356003714
-0.597872493	-1.56922071	0.701365753	-1.378875751
-0.613875673	-1.595019984	0.721379917	-1.401623481
-0.629980069	-1.620685639	0.741691752	-1.424209264
-0.64627952	-1.646413973	0.762164669	-1.446585729
-0.662678642	-1.672042017	0.782747828	-1.468782854
-0.679206573	-1.697540365	0.80350141	-1.490942655
-0.695886846	-1.722998955	0.824393107	-1.512989876
-0.712641447	-1.748357832	0.845494248	-1.534858177
-0.729599435	-1.773689951	0.866853731	-1.556563287
-0.746761876	-1.798943837	0.888354739	-1.578066424
-0.764025977	-1.824064692	0.909973105	-1.599420742
-0.781379114	-1.849084772	0.931735085	-1.620707471
-0.798834999	-1.874082684	0.953649217	-1.641868105
-0.816429916	-1.899059929	0.968892022	-1.656360672
-0.834169834	-1.923920721	0.979179837	-1.666034857
-0.852064722	-1.948706753	0.986083369	-1.672483314
-0.864474472	-1.965743611	0.990706373	-1.676781546
-0.872824275	-1.977132179	0.993797753	-1.679646609
-0.878423946	-1.984738916	0.995862902	-1.681556433
-0.882170572	-1.989818192	0.997241567	-1.682829542
-0.884674369	-1.993209182	0.998161526	-1.683678232
-0.886345959	-1.995472068	0.99877521	-1.684244002
-0.887461226	-1.99698153	0.999184503	-1.684621172
-0.888205127	-1.997988226	0.999457439	-1.684872613
-0.888701235	-1.99865953	0.999639431	-1.685040239
-0.889032052	-1.999107143	0.999760773	-1.685151988
-0.889252631	-1.999405587	0.999841675	-1.685226488
-0.889399699	-1.999604564	0.999895612	-1.685276154
-0.889497751	-1.999737222	0.999931571	-1.685309264
-0.889563122	-1.999825664	0.999955545	-1.685331338
-0.889606704	-1.999884627	0.999971528	-1.685346054
-0.889635759	-1.999923936	0.999982183	-1.685355864
-0.88965513	-1.999950142	0.999989286	-1.685362404
-0.889668043	-1.999967613	0.999994022	-1.685366765
-0.889676653	-1.99997926	0.999997179	-1.685369671
-0.889682392	-1.999987025	0.999999284	-1.685371609
-0.889686219	-1.999992202	1.000000687	-1.685372901
-0.889688769	-1.999995653	1.00000209	-1.685374193
-0.88969047	-1.999997954	1.000004897	-1.685376777
-0.889691996	-2.000000513	1.000016122	-1.685387112
-0.889692738	-2.000001021	1.000038573	-1.685407782
-0.889695005	-2.000004089	1.000218152	-1.685573112
-0.88969954	-2.000010224	1.001653158	-1.686893761
-0.889989703	-2.000402752	1.024134428	-1.707465004
-0.890569934	-2.001187509	1.046741093	-1.727929658
-0.89173001	-2.002755815	1.069464526	-1.748283506
-0.896357417	-2.009002423	1.092348258	-1.768486612
-0.905585876	-2.021415244	1.115440024	-1.788502749
-0.923929087	-2.045901773	1.138696717	-1.808334784
-0.942387035	-2.070286512	1.162061475	-1.827996515
-0.960967877	-2.09459881	1.18556872	-1.847544216
-0.973837069	-2.111309466	1.209187159	-1.866949213
-0.982487711	-2.122479653	1.2329443	-1.88618059
-0.988293231	-2.12994189	1.256904302	-1.90525376
-0.992182069	-2.134920882	1.280985094	-1.924160673
-0.994782851	-2.138241758	1.305152097	-1.942916837
-0.996519914	-2.140456021	1.32944805	-1.96157589
-0.997679393	-2.141932347	1.34623953	-1.974371598
-0.998453022	-2.14291663	1.357507061	-1.982909983
-0.998969061	-2.143572847	1.365052196	-1.988604634
-0.999313214	-2.144010338	1.370098063	-1.992402004
-0.999542706	-2.144302005	1.37346919	-1.99493397
-0.999695727	-2.144496452	1.375719794	-1.996622261
-0.999797751	-2.144626084	1.377221476	-1.997748141
-0.999865773	-2.144712506	1.378223144	-1.998499049
-0.999911123	-2.144770121	1.378891092	-1.998999779
-0.999941357	-2.144808531	1.379336466	-1.999333654
-0.999961514	-2.144834137	1.379633415	-1.999556262
-0.999974951	-2.144851209	1.379831397	-1.999704678
-0.99998391	-2.144862589	1.37996339	-1.999803627
-0.999989883	-2.144870177	1.380051389	-1.999869596
-0.999993864	-2.144875235	1.380110057	-1.999913575
-0.999996519	-2.144878607	1.380149169	-1.999942896
-0.999998289	-2.144880855	1.380175244	-1.999962443
-1.000000532	-2.144882716	1.380192627	-1.999975474
-1.000000648	-2.144883852	1.380204216	-1.999984162
-1.000003008	-2.14488685	1.380211942	-1.999989954
-1.000007727	-2.144892844	1.380217093	-1.999993815
-1.000026603	-2.144916823	1.380220527	-1.999996389
-1.000064355	-2.14496478	1.380222816	-1.999998105
-1.000139857	-2.145060688	1.380224342	-1.999999249
-1.000290857	-2.145252486	1.380225868	-2.000000393
-1.000592838	-2.145636007	1.38022892	-2.000002681
-1.001196723	-2.146402753	1.380235025	-2.000007257
-1.00240418	-2.147935051	1.380247234	-2.00001641
-1.007222249	-2.154038625	1.380271652	-2.000034715
-1.026295272	-2.17802682	1.380320487	-2.000071323
-1.045497226	-2.201882976	1.380418153	-2.000144537
-1.064871971	-2.225650854	1.380613474	-2.000290953
-1.084389129	-2.249282205	1.381004065	-2.000583734
-1.104133753	-2.272786299	1.381785047	-2.001169099
-1.124124103	-2.296125335	1.384903891	-2.00350611
-1.144283637	-2.319275225	1.391128455	-2.008167193
-1.1646041	-2.342267195	1.415682477	-2.026511606
-1.18508972	-2.365138499	1.440252296	-2.044795971
-1.20571557	-2.38788393	1.46487116	-2.06304573
-1.226495064	-2.410502341	1.489523318	-2.081253974
-1.24742929	-2.433001895	1.514188361	-2.099427812
-1.26846896	-2.455371763	1.538894722	-2.117604948
-1.289611747	-2.477644516	1.563652388	-2.135731796
-1.310859656	-2.499835223	1.588491233	-2.15373016
-1.332237885	-2.521931374	1.61346053	-2.171592185
-1.353756509	-2.543901492	1.638529064	-2.189316883
-1.375412002	-2.565746127	1.663667309	-2.206922871
-1.397168408	-2.587463441	1.688899677	-2.224445066
-1.419029088	-2.609093385	1.714196306	-2.241855323
-1.440993884	-2.630631435	1.739572517	-2.259132288
-1.463082012	-2.652057084	1.765079437	-2.276299381
-1.48530973	-2.673361347	1.790659848	-2.293343922
-1.507654082	-2.694537274	1.816298159	-2.3102629
-1.530093663	-2.715590164	1.842038115	-2.327075665
-1.552642533	-2.73655779	1.867847946	-2.343751685
-1.575289136	-2.757421442	1.893732733	-2.360315525
-1.598055752	-2.778162927	1.919702637	-2.376806759
-1.620962199	-2.79878378	1.945734153	-2.393187233
-1.643967307	-2.819275996	1.963699599	-2.404384516
-1.667064247	-2.839654475	1.975747526	-2.411842628
-1.690268539	-2.859939172	1.983809667	-2.416810425
-1.713565111	-2.880109302	1.98919725	-2.420119823
-1.73698454	-2.900158977	1.992794745	-2.422324942
-1.760526752	-2.920084498	1.995195663	-2.423794496
-1.784159863	-2.939886169	1.996797432	-2.424773961
-1.807888387	-2.959577083	1.997865794	-2.425426831
-1.824269874	-2.973060192	1.998578265	-2.425862029
-1.835247317	-2.982044912	1.999053349	-2.42615214
-1.842591363	-2.988032597	1.999370117	-2.426345537
-1.84749904	-2.992023334	1.999581315	-2.426474464
-1.850776061	-2.994683323	1.999722124	-2.426560414
-1.852963088	-2.996456416	1.999816	-2.426617713
-1.854422155	-2.997638371	1.999878586	-2.426655912
-1.855395333	-2.998426293	1.99992031	-2.426681378
-1.856044327	-2.998951553	1.999948127	-2.426698355
-1.856477082	-2.999301716	1.999966672	-2.426709673
-1.856765627	-2.999535154	1.999979035	-2.426717218
-1.856958008	-2.999690777	1.999987277	-2.426722249
-1.857086271	-2.999794525	1.999992772	-2.426725602
-1.857171783	-2.99986369	1.999996435	-2.426727838
-1.857228792	-2.999909799	1.999998877	-2.426729328
-1.857266799	-2.999940539	2.000000505	-2.426730322
-1.857292138	-2.999961032	2.000002134	-2.426731315
-1.85730903	-2.999974694	2.00000539	-2.426733303
-1.857320292	-2.999983802	2.000011902	-2.426737277
-1.8573278	-2.999989875	2.000037951	-2.426753175
-1.857332805	-2.999993923	2.000090049	-2.426784969
-1.857336142	-2.999996621	2.000298424	-2.426912133
-1.857338366	-2.99999842	2.001131668	-2.427420556
-1.857339576	-3.00000038	2.004460527	-2.429450511
-1.857341332	-3.000000819	2.030763803	-2.445419406
-1.857347264	-3.000005617	2.057128203	-2.461293475
-1.857370993	-3.000024807	2.083563202	-2.47706902
-1.857750591	-3.000331774	2.110052956	-2.492726173
-1.858509728	-3.000945472	2.136621944	-2.508273317
-1.864570125	-3.005835849	2.163268981	-2.523715773
-1.876677193	-3.015560899	2.189969023	-2.539040916
-1.900812761	-3.034799605	2.216741051	-2.55424938
-1.925032718	-3.053917782	2.243590086	-2.569333735
-1.949350569	-3.072919076	2.270505325	-2.584305779
-1.9661312	-3.085917035	2.297481701	-2.59918865
-1.977374706	-3.09457332	2.324514825	-2.613979056
-1.984896079	-3.10033977	2.351596626	-2.628657674
-1.989921944	-3.104181987	2.378755515	-2.643215569
-1.993277741	-3.106742501	2.40599608	-2.657664312
-1.995517276	-3.10844907	2.433274569	-2.672001285
-1.997011344	-3.109586583	2.460613603	-2.686229033
-1.998007854	-3.110344836	2.488017843	-2.700339313
-1.998672402	-3.110850298	2.515480643	-2.714336843
-1.999115526	-3.111187254	2.543004014	-2.728244456
-1.999410984	-3.111411884	2.570578034	-2.742060864
-1.999607973	-3.111561633	2.598196705	-2.755766521
-1.999739308	-3.111661465	2.625881871	-2.769348138
-1.999826868	-3.111728018	2.653645349	-2.782821805
-1.999885243	-3.111772387	2.681443687	-2.796187242
-1.99992416	-3.111801966	2.709293028	-2.809443714
-1.999950105	-3.111821685	2.737202434	-2.822584602
-1.999967402	-3.111834832	2.765166195	-2.835612767
-1.999978934	-3.111843596	2.793184676	-2.848547409
-1.999986621	-3.111849438	2.821252767	-2.861388387
-1.999991746	-3.111853334	2.84936037	-2.87412077
-1.999995163	-3.11185593	2.877523296	-2.886733319
-1.999997441	-3.111857661	2.905757033	-2.899237487
-1.999998959	-3.111858816	2.934023917	-2.911632656
-2.000000478	-3.11185997	2.955898407	-2.92113567
-2.000006552	-3.111864586	2.970549534	-2.927454353
-2.000030849	-3.111883052	2.980344715	-2.931656899
-2.000808082	-3.112473674	2.986887374	-2.934454004
-2.002362165	-3.113654151	2.99125478	-2.936316642
-2.026990649	-3.132274164	2.994168905	-2.937557451
-2.051709724	-3.150782962	2.996112781	-2.938384228
-2.076517202	-3.169159589	2.997409201	-2.938935222
-2.101433336	-3.187414927	2.998273704	-2.939302465
-2.126442311	-3.205535361	2.998850139	-2.939547256
-2.151535458	-3.223531037	2.999234474	-2.939710433
-2.176720812	-3.241428556	2.999490716	-2.93981921
-2.20198712	-3.259208492	2.999661554	-2.939891724
-2.227346312	-3.276855946	2.999775449	-2.939940066
-2.252813721	-3.294373827	2.999851381	-2.939972293
-2.278363619	-3.31176471	2.999902003	-2.939993777
-2.30399025	-3.329037835	2.999935751	-2.9400081
-2.329707609	-3.346198418	2.99995825	-2.940017649
-2.355501708	-3.363231901	2.99997325	-2.940024014
-2.38138192	-3.380138174	2.99998325	-2.940028258
-2.407355441	-3.396927778	2.999989916	-2.940031087
-2.433402724	-3.41359149	2.99999436	-2.940032973
-2.459532515	-3.430127513	2.999997323	-2.940034231
-2.485752328	-3.44653601	2.999999298	-2.940035069
-2.51204955	-3.462813373	3.000000615	-2.940035628
-2.538424387	-3.478974502	3.000001932	-2.940036187
-2.564874506	-3.495025145	3.000004566	-2.940037304
-2.591398131	-3.510950856	3.0000151	-2.940041775
-2.618007896	-3.526742682	3.000099375	-2.940077539
-2.644702621	-3.542407522	3.014403034	-2.946134347
-2.671464614	-3.557949501	3.028715414	-2.952167852
-2.698300736	-3.573371949	3.057202583	-2.964090666
-2.725208463	-3.588667609	3.085736114	-2.975908484
-2.752186205	-3.603829821	3.105378857	-2.983966592
-2.779240539	-3.618875563	3.118520907	-2.989321442
-2.806363428	-3.633808499	3.127303981	-2.992884331
-2.833553064	-3.648612677	3.133169577	-2.99525774
-2.860820087	-3.663284396	3.137084007	-2.996839359
-2.888162498	-3.677826626	3.139695312	-2.997893384
-2.915568302	-3.69224543	3.141436933	-2.998595893
-2.943041402	-3.706546739	3.142598349	-2.999064153
-2.96195191	-3.716299672	3.143372776	-2.999376292
-2.974600843	-3.722780869	3.143889127	-2.999584369
-2.983052298	-3.727091977	3.14423339	-2.99972308
-2.988695283	-3.729961719	3.144462912	-2.999815551
-2.992461159	-3.731872924	3.144615933	-2.999877197
-2.994973479	-3.73314618	3.144717949	-2.999918294
-2.996649132	-3.733994623	3.144785961	-2.999945691
-2.997766579	-3.734560076	3.144831303	-2.999963956
-2.998511698	-3.734936966	3.144861531	-2.999976133
-2.999008511	-3.735188191	3.144881683	-2.99998425
-2.999339751	-3.735355659	3.144895118	-2.999989662
-2.99956059	-3.735467297	3.144904074	-2.99999327
-2.999707823	-3.735541719	3.144910046	-2.999995675
-2.999805981	-3.735591333	3.144914026	-2.999997279
-2.99987142	-3.735624408	3.14491668	-2.999998348
-2.999915047	-3.735646458	3.144918449	-2.99999906
-2.999944132	-3.735661157	3.144920373	-3.000000227
-2.999963522	-3.735670957	3.144934372	-3.000005474
-2.999976449	-3.73567749	3.144962679	-3.000016877
-2.999985067	-3.735681846	3.145019293	-3.000039681
-2.999990812	-3.735684749	3.145245734	-3.000130887
-2.999994642	-3.735686685	3.145698584	-3.000313263
-2.999997196	-3.735687976	3.149317274	-3.001769517
-2.999998898	-3.735688836	3.177996767	-3.0132401
-3.0000006	-3.735689696	3.206713703	-3.024595079
-3.000004005	-3.735691417	3.235480605	-3.035829372
-3.000010814	-3.735694858	3.26430481	-3.046945696
-3.00003805	-3.735708623	3.293172863	-3.057953246
-3.000092523	-3.735736153	3.322079726	-3.068853961
-3.001834823	-3.736616402	3.351026753	-3.079638299
-3.005318118	-3.738374631	3.380013912	-3.090301345
-3.01921514	-3.74536775	3.40905221	-3.100861789
-3.046933861	-3.759206528	3.438132779	-3.111323878
-3.074711627	-3.772918717	3.467246145	-3.121673013
-3.102555159	-3.786499102	3.496396142	-3.131897756
-3.130470164	-3.799948537	3.525606875	-3.142008058
-3.158445748	-3.813273212	3.554847416	-3.152004014
-3.186478297	-3.826479238	3.584119771	-3.161883678
-3.214574542	-3.839564307	3.613441191	-3.171640907
-3.242722286	-3.852516597	3.642808639	-3.181275367
-3.270930985	-3.865346505	3.672212643	-3.190797918
-3.299195749	-3.878063555	3.701656483	-3.200208289
-3.327496745	-3.890662282	3.731129961	-3.209493481
-3.355847621	-3.903148125	3.760640295	-3.218656666
-3.384257164	-3.915528417	3.790195323	-3.227711378
-3.412710212	-3.927804466	3.81978545	-3.236656168
-3.441205988	-3.939975718	3.849405038	-3.245479289
-3.469751814	-3.952036901	3.879052103	-3.254168183
-3.498343928	-3.963978309	3.908693133	-3.262693652
-3.526985006	-3.975817526	3.93837148	-3.271051152
-3.546682074	-3.983901154	3.958812427	-3.276697876
-3.559845643	-3.98927785	3.972495388	-3.280425233
-3.568635856	-3.99285661	3.981643809	-3.282892105
-3.5745025	-3.995239853	3.987753943	-3.284527677
-3.578416503	-3.99682751	3.991832381	-3.285613972
-3.581027136	-3.997885422	3.994553583	-3.286336327
-3.582768136	-3.99859046	3.996368718	-3.286817071
-3.58392906	-3.999060381	3.997579254	-3.287137198
-3.584703124	-3.999373614	3.998386477	-3.287350451
-3.585219217	-3.999582416	3.998924713	-3.287492546
-3.585563302	-3.999721607	3.999283577	-3.287587243
-3.585792702	-3.999814398	3.999522837	-3.28765036
-3.58594564	-3.999876256	3.999682351	-3.287692431
-3.586047601	-3.999917494	3.999788698	-3.287720476
-3.586115575	-3.999944986	3.999859597	-3.287739171
-3.586160892	-3.999963313	3.999906864	-3.287751634
-3.586191103	-3.999975532	3.999938375	-3.287759943
-3.586211244	-3.999983677	3.999959383	-3.287765482
-3.586224672	-3.999989108	3.999973388	-3.287769174
-3.586233623	-3.999992728	3.999982725	-3.287771636
-3.586239591	-3.999995141	3.99998895	-3.287773277
-3.58624357	-3.99999675	3.999993099	-3.287774371
-3.586246222	-3.999997823	3.999995866	-3.2877751
-3.58624799	-3.999998538	3.99999771	-3.287775586
-3.58624999	-4.000000747	4.000000445	-3.287776384
-3.586256831	-4.000002113	4.000117588	-3.28780719
-3.586270977	-4.000007834	4.000589676	-3.287931635
-3.586327559	-4.000030717	4.004362955	-3.288925478
-3.586440723	-4.00007648	4.011902238	-3.290906898
-3.587345885	-4.000442442	4.026951324	-3.294844419
-3.590964589	-4.001904058	4.056925986	-3.302616317
-3.648169152	-4.024693475	4.116314435	-3.317735842
-3.705565165	-4.046939873	4.175763127	-3.332475883
-3.763234427	-4.068652823	4.235357839	-3.346785684
-3.821106497	-4.089848679	4.295013239	-3.360614025
-3.879121862	-4.110526521	4.354725828	-3.373967156
-3.919170606	-4.124453557	4.41453139	-3.386802805
-3.946006986	-4.133625707	4.474412713	-3.399042739
-3.963957594	-4.139687713	4.53444933	-3.410705811
-3.975951571	-4.143704814	4.594630247	-3.421837167
-3.983959626	-4.146371867	4.654933718	-3.43238681
-3.989303727	-4.148144934	4.715280825	-3.442254214
-3.99286887	-4.149324748	4.775717922	-3.451453692
-3.995246706	-4.150110294	4.836346202	-3.460038218
-3.996832407	-4.150633545	4.897049163	-3.467955052
-3.997889755	-4.150982181	4.957805637	-3.475111251
-3.998594747	-4.151214516	5.018613533	-3.481481877
-3.999064785	-4.151369367	5.079613238	-3.487108839
-3.999378162	-4.151472583	5.140644502	-3.491956157
-3.999587088	-4.151541386	5.201702427	-3.495936703
-3.999726376	-4.151587252	5.262807723	-3.498982472
-3.999819236	-4.151617827	5.324043645	-3.501119686
-3.999881143	-4.15163821	5.385275792	-3.502347502
-3.999922415	-4.151651798	5.446494963	-3.502568911
-3.99994993	-4.151660857	5.507707271	-3.501692296
-3.999968273	-4.151666896	5.568994971	-3.499745149
-3.999980502	-4.151670922	5.63021528	-3.496751998
-3.999988655	-4.151673606	5.691351187	-3.49260054
-3.99999409	-4.151675395	5.752367528	-3.487182078
-3.999997713	-4.151676588	5.813372334	-3.480517143
-4.000001337	-4.151677781	5.874236289	-3.472644954
-4.000008584	-4.151680167	5.916064259	-3.466456372
-4.000023077	-4.151684938	5.944009181	-3.461941092
-4.000052064	-4.151694481	5.962660991	-3.458749306
-4.00016801	-4.151732651	5.975102842	-3.456539687
-4.000399898	-4.151808985	5.983401761	-3.455029949
-4.000863658	-4.151961626	5.988936193	-3.454006907
-4.001791112	-4.152266807	5.992626588	-3.453317447
-4.003645755	-4.152876759	5.995087185	-3.452854481
-4.007353986	-4.154095023	5.996727727	-3.452544352
-4.0147662	-4.156524967	5.997821485	-3.452336937
-4.029573459	-4.161358341	5.998550685	-3.452198366
-4.059117901	-4.170917606	5.999036831	-3.452105854
-4.117927728	-4.189593432	5.999360934	-3.452044121
-4.17686732	-4.207812572	5.999577004	-3.452002939
-4.235936003	-4.225541157	5.999721053	-3.451975473
-4.295162867	-4.24281969	5.999817085	-3.451957158
-4.354530309	-4.259680914	5.999881107	-3.451944945
-4.414006616	-4.27608646	5.999923789	-3.451936802
-4.473611675	-4.292002956	5.999952243	-3.451931373
-4.533406166	-4.307453745	5.999971213	-3.451927754
-4.593309234	-4.322462583	5.999983859	-3.451925341
-4.653286577	-4.33703224	5.99999229	-3.451923732
-4.713405851	-4.351148307	5.999997911	-3.451922659
-4.773649289	-4.364799437	6.000001658	-3.451921944
-4.834010627	-4.378025876	6.000005405	-3.451921229
-4.894469579	-4.390838616	6.000020393	-3.451918369
-4.955003883	-4.403205363	6.000050369	-3.451912648
-5.01563071	-4.415120958	6.000110321	-3.451901206
-5.076371077	-4.426628394	6.000350116	-3.451855428
-5.137215253	-4.437742099	6.000829661	-3.45176382
-5.198126044	-4.448423205	6.001788583	-3.451580393
-5.259078777	-4.458659387	6.003705744	-3.451212697
-5.320156859	-4.468501216	6.007537338	-3.450473931
-5.381302835	-4.477958758	6.015189576	-3.448982839
-5.442500951	-4.487003898	6.075368719	-3.436489619
-5.503749724	-4.495619233	6.135278627	-3.422579818
-5.565104337	-4.503839341	6.19481546	-3.407147912
-5.626497805	-4.511677675	6.253927573	-3.390123659
-5.687931979	-4.519112741	6.312687685	-3.371508134
-5.749418984	-4.526123063	6.370969902	-3.351357549
-5.81099916	-4.532737704	6.428695095	-3.329632496
-5.872599337	-4.538980925	6.485846484	-3.306237273
-5.914938813	-4.543049481	6.542382495	-3.281140854
-5.943235323	-4.54566421	6.598216217	-3.254446308
-5.962132389	-4.547362415	6.653224597	-3.226105857
-5.974744923	-4.548473735	6.707329153	-3.195962394
-5.983159325	-4.54920508	6.760450377	-3.164054373
-5.98877162	-4.54968837	6.81260484	-3.130525753
-5.992514348	-4.550008654	6.863810351	-3.09542505
-5.995010034	-4.550221324	6.914019429	-3.058764962
-5.996674061	-4.550362724	6.963178007	-3.020571655
-5.997783518	-4.550456822	7.011135961	-2.980958255
-5.998523203	-4.550519478	7.057829686	-2.940207172
-5.999016347	-4.550561216	7.103527614	-2.898247799
-5.999345119	-4.550589026	7.148214575	-2.855021367
-5.999564304	-4.55060756	7.191837688	-2.810521231
-5.999710429	-4.550619912	7.234307892	-2.764806872
-5.999807847	-4.550628146	7.275416585	-2.718427286
-5.999872793	-4.550633635	7.315516897	-2.671497256
-5.99991609	-4.550637294	7.354848421	-2.623866616
-5.999944955	-4.550639733	7.393430535	-2.575335843
-5.999964198	-4.550641359	7.431088298	-2.525933084
-5.999977027	-4.550642443	7.467642119	-2.475733106
-5.999985579	-4.550643166	7.503098174	-2.424604314
-5.999991281	-4.550643647	7.537322394	-2.373487746
-5.999995082	-4.550643968	7.571046468	-2.322017619
-6.000001116	-4.550644954	7.604314533	-2.27006304
-6.000006486	-4.550644932	7.636933808	-2.217801728
-6.000249752	-4.550665483	7.668841416	-2.165138493
-6.00219545	-4.550829662	7.700162782	-2.111760022
-6.006085911	-4.551156889	7.721249173	-2.074805915
-6.01386308	-4.551806815	7.735128613	-2.049993605
-6.075623639	-4.556767544	7.744298248	-2.033375193
-6.137390141	-4.561368171	7.750373344	-2.02226374
-6.199180715	-4.565597234	7.754408647	-2.014849289
-6.261017095	-4.569437477	7.757097139	-2.009901552
-6.322907863	-4.572906373	7.758888875	-2.006600835
-6.384791188	-4.576027701	7.760083207	-2.004399451
-6.446692368	-4.578792566	7.760879362	-2.002931535
-6.508621825	-4.581181789	7.761410102	-2.001952779
-6.570597454	-4.583211945	7.761763915	-2.00130021
-6.632563294	-4.584906419	7.761999785	-2.000865136
-6.694536108	-4.586256175	7.762157029	-2.000575074
-6.756523665	-4.587243156	7.762261857	-2.000381693
-6.818549501	-4.587882177	7.762331742	-2.00025277
-6.880561479	-4.588196267	7.762378331	-2.00016682
-6.942571001	-4.588177222	7.762409391	-2.00010952
-7.004584812	-4.587807756	7.762430097	-2.00007132
-7.066629402	-4.587100186	7.762443902	-2.000045853
-7.12865503	-4.586077561	7.762453105	-2.000028875
-7.190669976	-4.584733317	7.76245924	-2.000017556
-7.252681015	-4.583050333	7.76246333	-2.00001001
-7.314715742	-4.581037777	7.762466057	-2.000004979
-7.376725896	-4.578719238	7.762467874	-2.000001626
-7.438718192	-4.57609045	7.762469692	-1.999998272
-7.500699936	-4.573133762	7.762473328	-1.999991565
-7.562698537	-4.569854655	7.76248787	-1.999964735
-7.62466681	-4.566277905	7.762516955	-1.999911077
-7.686611133	-4.562402022	7.762982104	-1.999052811
-7.748539779	-4.558208704	7.763911822	-1.997336767
-7.810476032	-4.553700349	7.767619322	-1.990485789
-7.872379128	-4.548901205	7.782268868	-1.963281504
-7.91485538	-4.545438681	7.810974826	-1.909237194
-7.943209036	-4.543048689	7.839216606	-1.854941485
-7.962127682	-4.541418197	7.866804648	-1.800874236
-7.974747448	-4.540314094	7.893931379	-1.746808896
-7.983163691	-4.539570196	7.920466983	-1.692726374
-7.988775883	-4.539070766	7.946371049	-1.638801415
-7.992517949	-4.53873625	7.964139574	-1.601385026
-7.995012929	-4.538512545	7.976045977	-1.576154436
-7.996676368	-4.538363098	7.984010315	-1.559197207
-7.997785381	-4.538263329	7.989331554	-1.547828508
-7.998524746	-4.538196755	7.992884144	-1.540220029
-7.999017667	-4.538152345	7.995254768	-1.535134374
-7.999346285	-4.538122727	7.996836163	-1.531737923
-7.999565366	-4.538102975	7.997890857	-1.529470922
-7.999711421	-4.538089806	7.998594177	-1.52795838
-7.999808791	-4.538081025	7.999063141	-1.52694948
-7.999873705	-4.53807517	7.999375821	-1.526276639
-7.999916981	-4.538071267	7.999584291	-1.525827972
-7.999945832	-4.538068665	7.999723278	-1.525528812
-7.999965065	-4.53806693	7.999815939	-1.525329352
-7.999977888	-4.538065773	7.999877715	-1.525196368
-7.999986436	-4.538065002	7.9999189	-1.525107709
-7.999992135	-4.538064488	7.999946356	-1.525048601
-7.999995935	-4.538064146	7.999964661	-1.525009194
-8.000000266	-4.538063988	7.999976864	-1.524982923
-8.000007332	-4.538063117	7.999984999	-1.524965408
-8.000022529	-4.538061747	7.999990423	-1.524953732
-8.000083317	-4.538056263	7.999994039	-1.524945948
-8.000326465	-4.538034327	7.999996449	-1.524940758
-8.000812747	-4.537990443	8.000001944	-1.524939049
-8.00178526	-4.537902624	8.00000127	-1.524930379
-8.005674142	-4.537550738	8.000026981	-1.524875025
-8.036698324	-4.534702195	8.000078402	-1.524764319
-8.09852581	-4.528811139	8.000181233	-1.524542913
-8.16032172	-4.522635954	8.000386859	-1.524100127
-8.222083765	-4.516167575	8.003665219	-1.517030959
-8.283829863	-4.509401803	8.053318485	-1.40746842
-8.3455516	-4.502349697	8.100939186	-1.296029569
-8.407233443	-4.49501534	8.145491748	-1.182223632
-8.468874154	-4.487387923	8.186746398	-1.068549574
-8.530486368	-4.479469859	8.225673425	-0.956149603
-8.592074978	-4.471269714	8.26173891	-0.845478674
-8.653621685	-4.462785752	8.295438295	-0.735065734
-8.715123507	-4.454011146	8.327343586	-0.625710632
-8.776589277	-4.444952147	8.357723411	-0.515347721
-8.838028005	-4.43561863	8.38297686	-0.408272442
-8.899421817	-4.426006173	8.404175309	-0.305557413
-8.960765168	-4.416109442	8.422942106	-0.208744669
-9.022067541	-4.405932886	8.439764567	-0.121759557
-9.083337915	-4.395483966	8.453561254	-0.04995005
-9.144559252	-4.384764026	8.457668544	-0.023581063
-9.205727051	-4.373768433	8.45887658	-0.008746123
-9.266848162	-4.362496466	8.459071614	-0.000955344
-9.327933167	-4.350951348	8.459073388	-0.000467381
-9.388963524	-4.339143763	8.459073819	-0.000223326
-9.449939256	-4.327070838	8.45907392	-0.000101277
-9.510862132	-4.314724097	8.459073942	-4.02E-05
-9.571744729	-4.302105748	8.459073946	-9.73E-06
-9.632569047	-4.28922962	8.459073946	-2.10E-06
-9.693335115	-4.27609341	8.459073946	5.53E-06
-9.754041974	-4.26268915	8.459073945	1.70E-05
-9.814705311	-4.249019592	8.459073943	3.41E-05
-9.875299286	-4.235097648	8.459073937	5.99E-05
-9.916838124	-4.225394826	8.459073921	9.85E-05
-9.944547496	-4.218848891	8.459073883	0.000156437
-9.963027784	-4.21445003	8.459073795	0.00024333
-9.975351325	-4.211502073	8.45907359	0.00037366
-9.983568528	-4.2095301	8.459073119	0.000569137
-9.989047332	-4.208212483	8.459072046	0.000862315
-9.992700165	-4.207332749	8.459069611	0.001301999
-9.995135519	-4.206745671	8.459064098	0.00196136
-9.996759147	-4.206354023	8.459051632	0.002950087
-9.997841591	-4.206092808	8.459023466	0.004432681
-9.998563232	-4.205918613	8.458959868	0.006656168
-9.999044331	-4.20580246	8.458816442	0.009992909
-9.999365066	-4.205725014	8.458496553	0.014977555
-9.999578891	-4.205673379	8.457800833	0.022367163
-9.999721441	-4.205638954	8.45636347	0.033172572
-9.999816474	-4.205616003	8.453704548	0.048679552
-9.99987983	-4.205600701	8.449501851	0.070748874
-9.999922067	-4.2055905	8.44334398	0.10286622
-9.999950226	-4.2055837	8.434336979	0.149606556
-9.999968998	-4.205579166	8.421159898	0.217752662
-9.999981513	-4.205576143	8.402251514	0.315330411
-9.999989856	-4.205574128	8.380690798	0.418452802
-9.999995418	-4.205572785	8.354852021	0.525887787
-10.00000087	-4.205571326	8.324232766	0.636122071
-10.00000283	-4.205570994	8.292282634	0.745462284
-10.00001767	-4.205567411	8.258408169	0.856123396
-10.00004733	-4.205560247	8.222097461	0.966693043
-10.00010666	-4.205545917	8.182904287	1.079368766
-10.00022532	-4.205517257	8.141329085	1.193144951
-10.00046263	-4.205459935	8.096458172	1.306702754
-10.00093724	-4.205345283	8.048588104	1.41795699
-10.00852606	-4.203509914	8.023302666	1.473890909
-10.03881481	-4.196144458	8.010375756	1.501983704
-10.0991912	-4.181265238	8.003854239	1.516090573
-10.15950132	-4.166130418	8.000577646	1.523160592
-10.21974428	-4.150738267	8.000166655	1.524046112
-10.27992841	-4.13509245	8.000063865	1.524267538
-10.34005423	-4.119198111	8.000012465	1.524378254
-10.40011296	-4.10306043	8.000000385	1.524406281
-10.46010233	-4.086675943	7.999998008	1.524409394
-10.52002572	-4.070039847	7.999996402	1.524412854
-10.57988942	-4.053157369	7.999993993	1.524418044
-10.6396837	-4.036038337	7.999990378	1.524425828
-10.68066422	-4.024156232	7.999984957	1.524437506
-10.70799639	-4.016162429	7.999976825	1.524455022
-10.72622297	-4.010800613	7.999964627	1.524481295
-10.73837627	-4.007211443	7.99994633	1.524520705
-10.74647946	-4.00481211	7.999918885	1.524579819
-10.75188206	-4.003209624	7.999877718	1.524668487
-10.75548403	-4.002140038	7.999815967	1.524801482
-10.75788543	-4.001426453	7.999723344	1.52500096
-10.7594864	-4.000950497	7.999584415	1.525300146
-10.76055374	-4.00063309	7.999376031	1.525748854
-10.7612653	-4.000421439	7.99906348	1.526421756
-10.76173968	-4.000280317	7.998594709	1.527430747
-10.76205593	-4.000186227	7.997891678	1.528943426
-10.76226677	-4.000123497	7.996837413	1.531210632
-10.76240733	-4.000081674	7.995256656	1.534607394
-10.76250103	-4.000053792	7.992886974	1.539693517
-10.7625635	-4.000035204	7.989335763	1.547302705
-10.76260515	-4.000022811	7.984016523	1.558672481
-10.76263292	-4.000014549	7.976055033	1.575631347
-10.76265143	-4.000009041	7.964152596	1.600864427
-10.76266377	-4.000005369	7.946389414	1.638284583
-10.76267199	-4.000002921	7.920494884	1.692213359
-10.76267748	-4.00000129	7.893968423	1.746302795
-10.76268131	-3.999999798	7.866850287	1.800372466
-10.76268479	-3.999999114	7.839271441	1.854441491
-10.76269941	-3.999994762	7.811037332	1.90874279
-10.76293341	-3.99992513	7.782338606	1.962792375
-10.76386933	-3.999646584	7.767691788	1.989999929
-10.76761197	-3.998532104	7.763985067	1.996851343
-10.77509418	-3.996301164	7.763055545	1.998567493
-10.79004619	-3.991831352	7.762590493	1.999425813
-10.81990032	-3.982859887	7.762357894	1.999855034
-10.87940614	-3.96478866	7.762299734	1.999962352
-10.93883747	-3.946482591	7.762285193	1.999989182
-10.9981973	-3.927941151	7.762281558	1.99999589
-11.05749835	-3.909171865	7.76227974	1.999999243
-11.11672731	-3.890183529	7.762277922	2.000002597
-11.17588291	-3.870972067	7.762275196	2.000007628
-11.23496369	-3.851535529	7.762271106	2.000015174
-11.29397868	-3.83187495	7.762264972	2.000026493
-11.35292446	-3.811999246	7.76225577	2.000043472
-11.41179756	-3.79191215	7.762241967	2.00006894
-11.47059502	-3.771611555	7.762221263	2.000107141
-11.52932152	-3.751095166	7.762190207	2.000164444
-11.58796438	-3.730376955	7.762143622	2.000250396
-11.64653208	-3.709458547	7.762073745	2.000379323
-11.70502517	-3.688335725	7.761968929	2.00057271
-11.76345131	-3.66701016	7.761811703	2.000862782
-11.82181434	-3.64549142	7.761575859	2.001297871
-11.88010556	-3.623785505	7.761222085	2.001950461
-11.92005434	-3.608785093	7.760691404	2.002929249
-11.94669698	-3.598724594	7.759895338	2.004397214
-11.96446317	-3.591990486	7.758701138	2.006598671
-11.97630923	-3.587488929	7.756909599	2.009899481
-11.98420746	-3.58448246	7.754221379	2.014847372
-11.98947332	-3.582475724	7.750186481	2.02226206
-11.99298407	-3.58113682	7.744111455	2.033374064
-11.99532464	-3.580243737	7.734941759	2.049992463
-11.99688505	-3.579648134	7.721062281	2.074804805
-11.99792534	-3.579250971	7.699975945	2.111759079
-11.99861887	-3.578986153	7.66865486	2.16513805
-11.99908123	-3.578809589	7.636747981	2.21780157
-11.99938947	-3.578691871	7.604129323	2.270063796
-11.99959496	-3.578613389	7.570862213	2.322019139
-11.99973196	-3.578561065	7.537139023	2.373490429
-11.99982329	-3.578526183	7.502915808	2.42460826
-11.99988418	-3.578502927	7.467456918	2.475739808
-11.99992477	-3.578487423	7.430900737	2.525937989
-11.99995183	-3.578477087	7.393240966	2.575339135
-11.99996987	-3.578470197	7.354657545	2.623868244
-11.9999819	-3.578465603	7.315324756	2.67149797
-11.99998992	-3.57846254	7.275223415	2.718427292
-11.99999526	-3.578460499	7.234110524	2.764807089
-12.00000117	-3.578459575	7.191637088	2.810517761
-12.00000239	-3.578457776	7.148010845	2.855014547
-12.00000952	-3.578455054	7.103321249	2.898237648
-12.00002377	-3.57844961	7.057620568	2.940194314
-12.00008079	-3.578427831	7.010924597	2.980942727
-12.00019482	-3.578384275	6.96296298	3.020553366
-12.00065094	-3.578210046	6.913801225	3.058742231
-12.00247519	-3.577513097	6.863589291	3.095398103
-12.00612295	-3.576118873	6.812381212	3.130494761
-12.01341556	-3.573329114	6.760224432	3.164019567
-12.02798911	-3.567744356	6.707100745	3.195923687
-12.05708924	-3.556553821	6.652993819	3.226062844
-12.11510654	-3.534091342	6.597983484	3.254398955
-12.17305327	-3.511453795	6.542147916	3.281089455
-12.23091676	-3.488641535	6.48561025	3.306181655
-12.28871281	-3.465657831	6.428457179	3.329572626
-12.34644202	-3.442512296	6.370730839	3.351294012
-12.40410184	-3.419201912	6.312447409	3.371441569
-12.46169991	-3.395725974	6.253686359	3.390054318
-12.51923554	-3.37209168	6.194573702	3.407075622
-12.57671148	-3.348303517	6.135035886	3.422504555
-12.63413072	-3.324367556	6.075125257	3.436411692
-12.69149032	-3.300288988	6.014945748	3.44890279
-12.74878317	-3.276066298	6.007293465	3.450393663
-12.80602508	-3.251697084	6.003461849	3.451132323
-12.86319013	-3.227202305	6.001544677	3.451499966
-12.92029287	-3.202574854	6.000585751	3.451683366
-12.97734231	-3.177813174	6.000106203	3.451774962
-13.03434338	-3.15292514	6.000046251	3.451786407
-13.09129239	-3.127918652	6.000016275	3.451792129
-13.14819348	-3.102795845	6.000001287	3.45179499
-13.20504268	-3.077560826	5.99999754	3.451795705
-13.26184006	-3.052212479	5.999993793	3.45179642
-13.3185967	-3.026754207	5.999988172	3.451797493
-13.37531086	-3.001197844	5.999979741	3.451799103
-13.43195676	-2.975554441	5.999967095	3.451801516
-13.48855966	-2.949812896	5.999948126	3.451805137
-13.54513077	-2.923981818	5.999919672	3.451810567
-13.60166471	-2.898074267	5.999876991	3.451818713
-13.65816089	-2.872090353	5.99981297	3.451830929
-13.71462574	-2.846031434	5.999716938	3.451849249
-13.77105943	-2.819904621	5.999572891	3.451876723
-13.82747171	-2.793716555	5.999356822	3.451917916
-13.88386437	-2.767480463	5.999032723	3.451979666
-13.92253876	-2.749457225	5.998546582	3.452072205
-13.94833986	-2.737418269	5.99781739	3.452210815
-13.96555162	-2.72937976	5.996723642	3.452418288
-13.97703117	-2.724015169	5.995083116	3.452728505
-13.98468666	-2.720436424	5.992622544	3.453191602
-13.98979134	-2.718049703	5.988932186	3.453881259
-13.99319492	-2.716458159	5.983397806	3.454904595
-13.99546418	-2.715396952	5.975098964	3.456414774
-13.99697711	-2.714689403	5.962657222	3.45862505
-13.99798576	-2.714217668	5.944005595	3.461817827
-13.99865822	-2.713903162	5.916060878	3.46633461
-13.99910653	-2.713693485	5.874233153	3.472525403
-13.99940541	-2.713553697	5.813369441	3.48040072
-13.99960467	-2.713460504	5.752364908	3.487068711
-13.9997375	-2.713398375	5.691348794	3.492490206
-13.99982606	-2.713356955	5.630212943	3.496644629
-13.9998851	-2.713329341	5.568992963	3.499640417
-13.99992446	-2.713310932	5.507705539	3.501590103
-13.9999507	-2.71329866	5.446493314	3.502469061
-13.99996819	-2.713290478	5.385274008	3.502249982
-13.99997985	-2.713285023	5.324041702	3.501024399
-13.99998763	-2.713281387	5.262805357	3.498889447
-13.99999281	-2.713278963	5.201700032	3.495846078
-13.99999627	-2.713277347	5.140641858	3.491867894
-14.00000028	-2.713275534	5.079610331	3.48702281
-14.00005501	-2.713249872	5.018610432	3.481398018
-14.00093953	-2.712836165	4.957802418	3.475029489
-14.00801172	-2.709528149	4.897045623	3.467875339
-14.03624564	-2.696318118	4.836342339	3.45996044
-14.09255914	-2.66995087	4.775713809	3.451377796
-14.14885665	-2.643561696	4.715276384	3.442180116
-14.20515391	-2.617152154	4.65492901	3.432314445
-14.2614478	-2.590736625	4.594625188	3.421766464
-14.31774966	-2.56431902	4.534443996	3.410636729
-14.3740676	-2.537914023	4.474407036	3.3989752
-14.4303951	-2.511536044	4.414525364	3.386736704
-14.48671811	-2.485190456	4.354719598	3.373902506
-14.54306816	-2.458877586	4.29500664	3.360550774
-14.59943672	-2.432616156	4.235350885	3.346723747
-14.65582509	-2.406404374	4.175755831	3.332415184
-14.71225302	-2.380247265	4.116306877	3.317676354
-14.7687166	-2.354162502	4.056918092	3.302557981
-14.82522239	-2.328153547	4.026943299	3.294786659
-14.88178208	-2.302231426	4.011894136	3.290849424
-14.93838805	-2.276414051	4.004354815	3.288868146
-14.9950409	-2.250704784	4.000581517	3.287874373
-15.05174099	-2.225114999	4.000109427	3.287749937
-15.10849708	-2.199652827	4.000050409	3.287734379
-15.1653098	-2.174322195	4.000020899	3.2877266
-15.22219998	-2.149128885	4.000006145	3.287722711
-15.27916515	-2.12408909	4.000001233	3.287721627
-15.33620392	-2.099206325	3.999996923	3.28772028
-15.39332899	-2.074487938	3.999995079	3.287719794
-15.45053494	-2.04995259	3.999992312	3.287719064
-15.4898131	-2.033233702	3.999988162	3.28771797
-15.51604518	-2.022124177	3.999981938	3.287716329
-15.53355462	-2.01473406	3.999972601	3.287713868
-15.54523649	-2.009815348	3.999958596	3.287710176
-15.55302829	-2.006539907	3.999937588	3.287704637
-15.55822456	-2.004357932	3.999906076	3.28769633
-15.5616895	-2.002904019	3.999858809	3.287683867
-15.56399981	-2.001935071	3.99978791	3.287665174
-15.56554017	-2.001289252	3.999681563	3.287637131
-15.56656714	-2.000858771	3.999522047	3.287595062
-15.56725182	-2.000571813	3.999282786	3.28753195
-15.56770829	-2.00038052	3.998923921	3.28743726
-15.5680126	-2.000252997	3.998385681	3.287295175
-15.56821548	-2.000167984	3.997578455	3.287081938
-15.56835074	-2.00011131	3.996367912	3.286761834
-15.56844091	-2.000073528	3.994552768	3.286281125
-15.56850102	-2.00004834	3.991831552	3.285558822
-15.5685411	-2.000031549	3.987753093	3.284472605
-15.56856781	-2.000020354	3.981642928	3.282837148
-15.56858563	-2.000012891	3.972494459	3.280370448
-15.5685975	-2.000007916	3.958811436	3.276643353
-15.56860542	-2.000004599	3.938370376	3.270997019
-15.56861069	-2.000002388	3.908691863	3.262640068
-15.56861462	-1.999999087	3.879050686	3.254115147
-15.56861773	-1.999999439	3.849403449	3.245426828
-15.56862477	-1.999996491	3.819783676	3.236604296
-15.56863884	-1.999990594	3.790193367	3.227660076
-15.56866699	-1.999978801	3.760638178	3.218605929
-15.56872328	-1.999955215	3.731127665	3.209443289
-15.57052449	-1.999200655	3.701654012	3.200158625
-15.5777273	-1.996185615	3.672210034	3.190748789
-15.5921294	-1.990168383	3.642805852	3.181226756
-15.64960908	-1.96630548	3.613438231	3.171592796
-15.70717963	-1.94265408	3.58411666	3.161836062
-15.76486066	-1.919220319	3.554844134	3.151956876
-15.82264102	-1.896013018	3.525603425	3.141961382
-15.88051331	-1.873033067	3.496392544	3.131851538
-15.92026	-1.857408409	3.467242386	3.121627271
-15.94680444	-1.847047619	3.438128837	3.111278626
-15.96452151	-1.840165509	3.409048088	3.100817011
-15.97634214	-1.83558869	3.380009631	3.090257039
-15.98422668	-1.83254251	3.351022299	3.079594446
-15.98948487	-1.83051397	3.322075101	3.068810541
-15.99299114	-1.829162611	3.293168105	3.057910269
-15.99532902	-1.828262151	3.264299879	3.046903145
-15.99688776	-1.827662043	3.23547551	3.035787229
-15.997927	-1.827262059	3.206708466	3.024553339
-15.99861985	-1.826995442	3.177991367	3.013198745
-15.99908177	-1.826817715	3.149311715	3.001728535
-15.99938972	-1.826699238	3.145693006	3.000272328
-15.99959503	-1.826620257	3.145240153	3.000089958
-15.9997319	-1.826567604	3.145126927	3.000044355
-15.99982314	-1.826532503	3.145070313	3.000021553
-15.99988398	-1.826509103	3.145042005	3.000010151
-15.99992453	-1.826493502	3.145027852	3.00000445
-15.99995157	-1.826483102	3.145020775	3.0000016
-15.99996959	-1.826476169	3.145017236	3.000000175
-15.99998161	-1.826471547	3.145015833	3.000000538
-15.99998962	-1.826468465	3.145013698	2.999998749
-15.99999496	-1.826466411	3.145011044	2.99999768
-15.99999852	-1.826465042	3.145007063	2.999996077
-16.00000208	-1.826463672	3.145001092	2.999993672
-16.00003056	-1.826452716	3.144992135	2.999990064
-16.00008753	-1.826430804	3.1449787	2.999984653
-16.00020146	-1.82638698	3.144958548	2.999976536
-16.00065718	-1.826211697	3.14492832	2.99996436
-16.00156862	-1.825861183	3.144882977	2.999946096
-16.03069828	-1.814692922	3.144814965	2.999918701
-16.08893797	-1.792568894	3.144712947	2.999877607
-16.14727947	-1.770689268	3.144559925	2.999815965
-16.20571574	-1.749065144	3.144330401	2.9997235
-16.26423696	-1.727710134	3.143986134	2.999584798
-16.32286321	-1.70661528	3.143469778	2.999376734
-16.38158029	-1.685778652	3.142695343	2.999064615
-16.44039802	-1.665202313	3.141533915	2.998596384
-16.49932612	-1.64489165	3.139792275	2.997893921
-16.55834705	-1.624842161	3.137180943	2.996839963
-16.61745677	-1.605041665	3.133266473	2.995258445
-16.67666619	-1.585491548	3.12740081	2.992885179
-16.73595512	-1.566202757	3.118617622	2.989322519
-16.79532627	-1.547164369	3.105475441	2.983968067
-16.85479164	-1.528359019	3.085832472	2.975910531
-16.91433353	-1.509791298	3.05729863	2.964093515
-16.97393781	-1.491470814	3.028811118	2.952171437
-17.03361256	-1.473391402	3.000366582	2.940154846
-17.09335178	-1.455542542	3.000141858	2.940059488
-17.15315943	-1.437919535	3.000029492	2.940011804
-17.21304498	-1.420520089	3.0000014	2.939999883
-17.27300133	-1.403338933	3.000000356	2.939999124
-17.33301379	-1.386365694	2.999997888	2.939998393
-17.39308586	-1.369591602	2.999995254	2.939997275
-17.45321928	-1.353016243	2.999991304	2.939995599
-17.51340648	-1.336639358	2.999985378	2.939993084
-17.57364001	-1.320451153	2.99997649	2.939989312
-17.63393371	-1.304434045	2.999963157	2.939983654
-17.69427375	-1.288588513	2.999943157	2.939975167
-17.7546549	-1.272918524	2.999913158	2.939962436
-17.81507655	-1.257412561	2.999868161	2.939943339
-17.87552175	-1.242062702	2.999800665	2.939914694
-17.91696899	-1.231632742	2.999699423	2.939871725
-17.94462646	-1.224716882	2.999547565	2.939807271
-17.96307628	-1.220123089	2.999319789	2.939710585
-17.97538155	-1.217067816	2.998978148	2.939565547
-17.98358732	-1.215034053	2.998465738	2.939347969
-17.98905874	-1.213679562	2.997697242	2.939021558
-17.99270676	-1.21277717	2.996544763	2.93853184
-17.99513896	-1.212175843	2.99481664	2.937797035
-17.9967605	-1.211775078	2.992225791	2.936694319
-17.99784156	-1.211507954	2.988342512	2.935039114
-17.99856229	-1.211329895	2.982524285	2.932553803
-17.99904278	-1.211211199	2.973811858	2.928820341
-17.99936311	-1.211132073	2.960776298	2.923208237
-17.99957667	-1.211079325	2.94130201	2.914768428
-17.99971904	-1.21104416	2.913025012	2.902402066
-17.99981395	-1.211020717	2.884783489	2.889926108
-17.99987723	-1.211005089	2.856599573	2.877339641
-17.99991941	-1.21099467	2.828480228	2.864638676
-17.99994753	-1.210987724	2.800401996	2.851825379
-17.99996628	-1.210983094	2.772368751	2.838913245
-17.99997878	-1.210980007	2.744389475	2.825911715
-17.99998711	-1.210977949	2.716467192	2.812804044
-17.99999267	-1.210976577	2.688600018	2.799575438
-17.99999637	-1.210975662	2.660792875	2.786239556
-18.00000008	-1.210974747	2.633018959	2.772792801
-18.00011859	-1.210945478	2.605310747	2.759237194
-18.0003556	-1.210886942	2.577678731	2.745563415
-18.00082963	-1.210769877	2.550094142	2.731773919
-18.00177768	-1.210535773	2.522554763	2.717887582
-18.00367373	-1.210067676	2.495075563	2.703916617
-18.01883531	-1.206329319	2.467657129	2.689840082
-18.04914625	-1.198880891	2.440298072	2.675640186
-18.10971418	-1.184103317	2.413008713	2.661333177
-18.17031585	-1.169463069	2.385757688	2.646912382
-18.23096085	-1.154951836	2.358573335	2.632380889
-18.29162823	-1.140563021	2.331475992	2.617735267
-18.35231991	-1.126289749	2.304431204	2.602972365
-18.41304083	-1.112127135	2.277436721	2.588110727
-18.47378791	-1.098074376	2.250503618	2.573166764
-18.53455337	-1.084131691	2.22363807	2.558117558
-18.59533901	-1.070293533	2.196842675	2.542938328
-18.6561501	-1.056552427	2.170128287	2.527644975
-18.71698232	-1.042907585	2.143467827	2.512232088
-18.77782375	-1.029364884	2.116872916	2.49670904
-18.83867269	-1.015923022	2.090368283	2.481084064
-18.89954231	-1.002576126	2.063919426	2.465338343
-18.96039457	-0.989340073	2.037533508	2.449486977
-19.02124208	-0.976221946	2.011218515	2.433544339
-19.08208382	-0.963232017	2.004570679	2.429496577
-19.14295271	-0.950371803	2.001241775	2.427466697
-19.20384591	-0.937643658	2.00040852	2.426958293
-19.26474132	-0.925054975	2.000200142	2.426831134
-19.32561645	-0.91262906	2.000095948	2.426767548
-19.38653493	-0.900375101	2.00004385	2.426735754
-19.44747444	-0.888300784	2.000017801	2.426719857
-19.50844174	-0.87640467	2.000004776	2.426711908
-19.56943574	-0.864701108	2.00000152	2.426709921
-19.63046459	-0.853199312	2.000000109	2.426708946
-19.69152855	-0.841899328	1.999998263	2.426707934
-19.75262171	-0.830805737	1.999995821	2.426706443
-19.81355921	-0.819899627	1.999992158	2.426704208
-19.87428511	-0.809070125	1.999986663	2.426700854
-19.91603338	-0.801607572	1.999978421	2.426695824
-19.94394921	-0.796607	1.999966058	2.426688279
-19.96260395	-0.793262447	1.999947513	2.426676961
-19.97506114	-0.791030371	1.999919696	2.426659984
-19.98337256	-0.789542664	1.999877971	2.426634518
-19.98891647	-0.788551016	1.999815385	2.42659632
-19.99261373	-0.787889987	1.999721508	2.426539022
-19.99507916	-0.787449333	1.999580699	2.426453073
-19.99672304	-0.787155578	1.9993695	2.426324148
-19.99781908	-0.786959748	1.99905273	2.426130753
-19.99854982	-0.786829197	1.998577644	2.425840646
-19.99903701	-0.786742165	1.99786517	2.425405453
-19.99936181	-0.786684144	1.996796802	2.424752592
-19.99957835	-0.786645463	1.995195025	2.42377314
-19.99972271	-0.786619676	1.992794096	2.422303605
-19.99981895	-0.786602485	1.989196583	2.420098514
-19.99988311	-0.786591024	1.983808974	2.416789158
-19.99992588	-0.786583384	1.975746793	2.411821423
-19.9999544	-0.78657829	1.963698817	2.404363408
-19.99997341	-0.786574894	1.945733285	2.393166255
-19.99998609	-0.78657263	1.919701645	2.376785962
-19.99999454	-0.786571121	1.893731615	2.360294931
-19.99999983	-0.786570234	1.867846704	2.343731314
-20.00000392	-0.786569444	1.842036734	2.327055492
-20.00001143	-0.786568103	1.816296644	2.310242917
-20.00004148	-0.786562737	1.79065824	2.293324142
-20.00010156	-0.786552004	1.765077707	2.276279767
-20.00058221	-0.786466152	1.739570694	2.259112842
-20.00154347	-0.786294464	1.714194371	2.241836054
-20.0092285	-0.784922326	1.688897603	2.224425981
-20.0398996	-0.779454364	1.663665124	2.206903975
-20.10105776	-0.768591326	1.638526751	2.189298151
-20.22261869	-0.747163563	1.613458097	2.171573607
-20.3441411	-0.725936713	1.58848871	2.153711737
-20.46566507	-0.70488631	1.563649758	2.135713503
-20.5874753	-0.68404859	1.538891969	2.117586843
-20.70946655	-0.663541323	1.514185453	2.099409951
-20.83155488	-0.643388523	1.489520237	2.081236331
-20.95366897	-0.623617379	1.464867917	2.063028288
-21.07587002	-0.604257409	1.440248926	2.044778733
-21.19820602	-0.585291289	1.415678964	2.026494539
-21.32061796	-0.566714986	1.391124807	2.008150289
-21.44309548	-0.548545341	1.384900212	2.003489247
-21.56561727	-0.530811183	1.381781351	2.001152257
-21.68825269	-0.513502837	1.381000366	2.000566897
-21.81074951	-0.496619771	1.380609773	2.000274118
-21.93245157	-0.480115675	1.380414451	2.000127704
-22.05411075	-0.463760547	1.380316784	2.00005449
-22.17571222	-0.447538614	1.380267949	2.000017882
-22.29726223	-0.431448967	1.380243918	2.000000423
-22.41876047	-0.415505601	1.380242005	1.999998433
-22.540205	-0.399699585	1.380240479	1.999997289
-22.66155819	-0.384006056	1.38023819	1.999995573
-22.78281683	-0.368421863	1.380234756	1.999992999
-22.90399877	-0.352958148	1.380229605	1.999989138
-23.02509968	-0.337610318	1.380221879	1.999983346
-23.1460714	-0.322354352	1.38021029	1.999974659
-23.26688346	-0.307179731	1.380192906	1.999961627
-23.38757483	-0.292091192	1.380166831	1.999942081
-23.50812555	-0.277092801	1.380127719	1.999912761
-23.62846969	-0.26216697	1.380069051	1.999868781
-23.74859631	-0.24728905	1.379981052	1.999802814
-23.83165841	-0.237015216	1.379849057	1.999703866
-23.88743193	-0.230123295	1.379651075	1.999555451
-23.92480156	-0.225508857	1.379354124	1.999332846
-23.94980083	-0.222423507	1.378908747	1.998998974
-23.96650622	-0.220362509	1.378240795	1.99849825
-23.97766084	-0.218986665	1.37723912	1.997747349
-23.98510521	-0.218068611	1.375737428	1.996621482
-23.99007168	-0.217456205	1.373486807	1.994933213
-23.99338425	-0.21704777	1.370115651	1.992401286
-23.99559333	-0.216775406	1.365069742	1.988603972
-23.99706637	-0.216593798	1.357524556	1.982909406
-23.99804854	-0.216472712	1.346256942	1.974371131
-23.99870338	-0.216391981	1.329465346	1.961575582
-23.99913997	-0.216338157	1.305169204	1.942916741
-23.99943104	-0.216302274	1.281002036	1.924160801
-23.99962509	-0.216278351	1.256921089	1.905254097
-23.99975446	-0.216262402	1.232960885	1.886181141
-23.99984071	-0.216251769	1.209203544	1.866950021
-23.99989821	-0.216244681	1.185584921	1.847545261
-23.99993655	-0.216239955	1.162077473	1.827997762
-23.9999621	-0.216236804	1.138712548	1.808336245
-23.99997914	-0.216234704	1.11545567	1.788504437
-23.9999905	-0.216233304	1.092363673	1.768488527
-24.00000193	-0.216232631	1.069479743	1.748285651
-24.00000564	-0.216231437	1.046756134	1.727932015
-24.00002078	-0.21622957	1.024149272	1.707467536
-24.00008136	-0.216222102	1.001667842	1.686896486
-24.00032365	-0.216192233	1.000232826	1.685575847
-24.002261	-0.215953395	1.000053245	1.685410519
-24.00999711	-0.214999652	1.000008345	1.68536918
-24.02543328	-0.213096455	1.000002732	1.685364013
-24.05615744	-0.209307707	1.000000074	1.685361431
-24.17522235	-0.194616526	0.999998523	1.685360137
-24.2939989	-0.179943231	0.999997119	1.685358845
-24.41223133	-0.165314363	0.999995015	1.685356907
-24.52982645	-0.15073365	0.999991857	1.685354
-24.64667909	-0.136195726	0.999987122	1.68534964
-24.76289511	-0.121666553	0.999980018	1.6853431
-24.87800923	-0.107182373	0.999969363	1.685333289
-24.99141359	-0.092776126	0.99995338	1.685318574
-25.1026511	-0.078441003	0.999929406	1.6852965
-25.21128883	-0.064132273	0.999893447	1.68526339
-25.31509972	-0.04995005	0.999839509	1.685213724
-25.41733997	-0.034864343	0.999758608	1.685139225
-25.5061545	-0.018769842	0.999637265	1.685027476
-25.54511	-0.006726905	0.999455273	1.684859851
-25.55011423	-0.003095433	0.999182335	1.68460841
-25.55146966	-0.000174233	0.998773042	1.684231242
-25.5514736	-5.23E-05	0.998159355	1.683665474
-25.55147392	-2.18E-05	0.997239393	1.682816788
-25.55147398	-6.54E-06	0.995860724	1.681543683
-25.55147486	-1.09E-06	0.993795568	1.679633867
-25.55147398	8.72E-06	0.990704177	1.676768814
-25.55147393	2.02E-05	0.986081158	1.672470599
-25.55147379	3.73E-05	0.979177603	1.666022165
-25.55147343	6.31E-05	0.968889752	1.656348013
-25.55147252	0.000101685	0.953646915	1.641855503
-25.55147037	0.000159562	0.931732726	1.620694971
-25.55146536	0.000246254	0.909970632	1.599408334
-25.55145387	0.00037587	0.888352193	1.578054122
-25.5514279	0.000568875	0.866851099	1.556551045
-25.55137017	0.000853778	0.845491541	1.534845987
-25.55124535	0.001267031	0.824390362	1.512977753
-25.55098766	0.001848181	0.803498622	1.490930626
-25.55048968	0.002630315	0.78274493	1.4687709
-25.54959552	0.003636449	0.762161706	1.44657387
-25.54808603	0.00489047	0.741688713	1.424197443
-25.54564332	0.006430837	0.721376861	1.401611712
-25.54179483	0.008317395	0.701362663	1.378863984
-25.53583436	0.010636198	0.681598549	1.355992032
-25.52670774	0.013508174	0.661947341	1.333008348
-25.512866	0.017097768	0.64248046	1.309976313
-25.4920269	0.021639382	0.623124698	1.28675744
-25.46064322	0.027515707	0.603946714	1.263321757
-25.41361053	0.035281188	0.585137119	1.239796888
-25.34356089	0.045759014	0.566558558	1.216144484
-25.24185876	0.059905914	0.548111344	1.192358522
-25.13442588	0.074199115	0.529888389	1.168488986
-25.0238612	0.088538524	0.511816524	1.144401891
-24.9110948	0.102925999	0.493968338	1.120189553
-24.79641045	0.117399096	0.476469451	1.095992968
-24.68049411	0.131921433	0.459106505	1.071559339
-24.56381633	0.146461384	0.441925776	1.046971877
-24.44643294	0.161032852	0.42503412	1.022267614
-24.32839958	0.175648516	0.416499162	1.009548367
-24.20973184	0.190317617	0.412212761	1.003105609
-24.09076351	0.205004173	0.411135976	1.001481577
-24.02992165	0.212509214	0.41059733	1.000668358
-24.01448573	0.214412736	0.410327945	1.00026145
-24.0067497	0.215366648	0.410193236	1.000057921
-24.00287723	0.215844134	0.410159554	1.000007026
-24.00093988	0.216083008	0.410155344	1.000000664
-24.00045534	0.216142752	0.410154291	0.999999073
-24.00021305	0.216172626	0.410153239	0.999997483
-24.0000919	0.216187563	0.41015166	0.999995097
-24.00003133	0.216195032	0.410149291	0.999991518
-24.00000104	0.216198766	0.410145739	0.99998615
-23.99999347	0.2161997	0.41014041	0.999978098
-23.99998589	0.216200634	0.410132417	0.999966019
-23.99997454	0.216202034	0.410120427	0.999947902
-23.9999575	0.216204135	0.410102443	0.999920727
-23.99993194	0.216207286	0.410075467	0.999879965
-23.99989361	0.216212012	0.410035004	0.999818825
-23.99983611	0.216219102	0.409974313	0.999727121
-23.99974986	0.216229736	0.409883282	0.999589577
-23.99962049	0.216245687	0.409746749	0.999383289
-23.99942644	0.216269614	0.409541979	0.999073921
-23.99913537	0.216305503	0.409234892	0.998610014
-23.99869878	0.216359334	0.408774412	0.997914474
-23.99804394	0.216440078	0.408084032	0.996871887
-23.99706178	0.216561182	0.407049222	0.99530962
-23.99558874	0.216742818	0.405498704	0.99296981
-23.99337966	0.217015222	0.403176707	0.989468054
-23.9900671	0.217423718	0.399702083	0.984232922
-23.98510064	0.218036214	0.394517362	0.976424692
-23.9776563	0.218954404	0.38683446	0.964821668
-23.96650171	0.220330446	0.375485596	0.947573834
-23.94979638	0.222391738	0.359291061	0.92252388
-23.92479722	0.225477514	0.343403592	0.897225302
-23.88742777	0.230092565	0.327991371	0.871837903
-23.83165459	0.236985347	0.313036364	0.846590353
-23.74859308	0.247260356	0.298139746	0.821176606
-23.62846752	0.262139778	0.283546784	0.795743091
-23.5081243	0.277066956	0.269182596	0.769957594
-23.38757437	0.292066566	0.254970459	0.744071746
-23.26688367	0.307156214	0.241233441	0.718731857
-23.14607221	0.322331844	0.227565723	0.692948638
-23.02510101	0.337588733	0.214042313	0.666839368
-22.90400058	0.352937413	0.201026858	0.640627712
-22.78281905	0.368401913	0.188684625	0.614613837
-22.66156078	0.383986832	0.176645436	0.58888137
-22.54020793	0.399681035	0.164820849	0.563131917
-22.4187637	0.415487678	0.153367119	0.537038221
-22.29726574	0.431431628	0.14212476	0.510332313
-22.17571598	0.447521822	0.130982634	0.4826427
-22.05411475	0.463744269	0.121340836	0.457716837
-21.93245578	0.480099879	0.112582989	0.434799528
-21.81075391	0.496604425	0.105046306	0.415077732
-21.6882581	0.513487676	0.098459972	0.397842786
-21.56562273	0.530796192		
-21.44310098	0.548530517		
-21.32062351	0.566700322		
-21.19821162	0.585276784		
-21.07587566	0.604243061		
-20.95367467	0.623603182		
-20.83156062	0.643374474		
-20.70947234	0.663527419		
-20.58748113	0.684034828		
-20.46567093	0.704872689		
-20.34414702	0.72592323		
-20.22262468	0.747150194		
-20.10106378	0.768578056		
-20.03990564	0.779441144		
-20.00923455	0.784909131		
-20.00154951	0.786281275		
-20.00058826	0.786452964		
-20.00010761	0.786538817		
-20.00004752	0.786549549		
-20.00001748	0.786554915		
-20.00000246	0.786557598		
-19.9999987	0.786558269		
-19.99999495	0.78655894		
-19.99998932	0.786559946		
-19.99998087	0.786561455		
-19.99996819	0.786563719		
-19.99994918	0.786567115		
-19.99992067	0.786572208		
-19.99987789	0.786579849		
-19.99981373	0.78659131		
-19.99971749	0.786608501		
-19.99957313	0.786634288		
-19.99935659	0.786672969		
-19.99903179	0.78673099		
-19.9985446	0.786818023		
-19.99781386	0.786948575		
-19.99671782	0.787144406		
-19.99507394	0.787438163		
-19.99260851	0.787878819		
-19.98891125	0.788539851		
-19.98336734	0.789531505		
-19.97505592	0.79101922		
-19.96259873	0.793251308		
-19.94394402	0.796595872		
-19.91602819	0.801596456		
-19.87427992	0.809059025		
-19.81355405	0.819888542		
-19.75261656	0.830794665		
-19.69152339	0.841888276		
-19.63045943	0.853188281		
-19.56943059	0.864690095		
-19.50843659	0.876393676		
-19.4474693	0.888289808		
-19.3865298	0.900364142		
-19.32561133	0.912618116		
-19.2647362	0.925044046		
-19.20384079	0.937632745		
-19.14294759	0.950360901		
-19.08207871	0.963221128		
-19.02123698	0.976211068		
-18.96038947	0.989329208		
-18.89953725	1.002565269		
-18.83866764	1.015912187		
-18.7778187	1.029354072		
-18.71697728	1.042896796		
-18.65614506	1.056541661		
-18.59533397	1.070282787		
-18.53454834	1.084120966		
-18.47378288	1.098063672		
-18.41303581	1.112116453		
-18.35231489	1.126279087		
-18.29162322	1.140552377		
-18.23095584	1.154941211		
-18.17031084	1.169452464		
-18.10970918	1.18409273		
-18.04914125	1.198870322		
-18.01883032	1.206318758		
-18.00366874	1.21005712		
-18.00177269	1.210525217		
-18.00082464	1.210759321		
-18.00035061	1.210876387		
-18.00011359	1.210934923		
-18.00005434	1.210949558		
-18.00002471	1.210956875		
-18.0000099	1.210960534		
-18.00000249	1.210962363		
-18.00000121	1.210962444		
-17.99999508	1.210964192		
-17.99998953	1.210965564		
-17.9999812	1.210967622		
-17.9999687	1.210970709		
-17.99994995	1.21097534		
-17.99992183	1.210982286		
-17.99987964	1.210992704		
-17.99981637	1.211008333		
-17.99972145	1.211031775		
-17.99957908	1.21106694		
-17.99936553	1.211119689		
-17.9990452	1.211198814		
-17.99856471	1.21131751		
-17.99784398	1.211495569		
-17.99676291	1.211762693		
-17.99514137	1.212163459		
-17.99270918	1.212764786		
-17.98906115	1.213667178		
-17.98358973	1.215021668		
-17.97538396	1.217055432		
-17.9630787	1.220110704		
-17.94462887	1.224704496		
-17.91697141	1.231620356		
-17.87552416	1.242050314		
-17.81507899	1.257400167		
-17.75465734	1.272906133		
-17.6942762	1.288576125		
-17.63393616	1.304421657		
-17.57364245	1.320438767		
-17.51340892	1.336626973		
-17.45322172	1.353003857		
-17.3930883	1.369579216		
-17.33301622	1.386353308		
-17.27300376	1.403326546		
-17.21304742	1.4205077		
-17.15316186	1.437907144		
-17.09335421	1.455530149		
-17.03361499	1.473379007		
-16.97394023	1.491458417		
-16.91433597	1.509778894		
-16.85479409	1.528346618		
-16.79532871	1.547151973		
-16.73595757	1.566190364		
-16.67666864	1.585479158		
-16.61745922	1.60502928		
-16.5583495	1.624829783		
-16.49932857	1.644879277		
-16.44040047	1.665189945		
-16.38158274	1.685766292		
-16.32286566	1.706602928		
-16.26423941	1.727697793		
-16.2057182	1.749052814		
-16.14728195	1.770676948		
-16.08894045	1.792556592		
-16.03070077	1.81468064		
-16.00157111	1.825848913		
-16.00065968	1.826199427		
-16.00020395	1.82637471		
-16.00009002	1.826418534		
-16.00003306	1.826440446		
-16.00000457	1.826451402		
-16.00000101	1.826452772		
-15.99999745	1.826454141		
-15.99999211	1.826456196		
-15.9999841	1.826459277		
-15.99997208	1.826463899		
-15.99995406	1.826470833		
-15.99992702	1.826481233		
-15.99988647	1.826496833		
-15.99982564	1.826520233		
-15.99973439	1.826555334		
-15.99959752	1.826607987		
-15.99939222	1.826686968		
-15.99908426	1.826805445		
-15.99862235	1.826983172		
-15.99792949	1.82724979		
-15.99689026	1.827649774		
-15.99533151	1.828249883		
-15.99299363	1.829150344		
-15.98948736	1.830501704		
-15.98422917	1.832530246		
-15.97634464	1.835576429		
-15.96452401	1.840153252		
-15.94680694	1.847035368		
-15.9202625	1.857396168		
-15.88051582	1.87302084		
-15.82264353	1.896000816		
-15.76486319	1.919208144		
-15.70718216	1.942641931		
-15.64961162	1.96629336		
-15.59213196	1.990156293		
-15.57772986	1.996173533		
-15.57052705	1.999188577		
-15.56872585	1.999943137		
-15.56861326	1.99999031		
-15.56859919	1.999996207		
-15.56859215	1.999999155		
-15.56858891	1.999999371		
-15.56858511	2.000002103		
-15.56857984	2.000004315		
-15.56857192	2.000007631		
-15.56856004	2.000012607		
-15.56854223	2.00002007		
-15.56851552	2.000031264		
-15.56847544	2.000048056		
-15.56841533	2.000073244		
-15.56832516	2.000111027		
-15.5681899	2.000167701		
-15.56798702	2.000252714		
-15.5676827	2.000380238		
-15.56722624	2.000571531		
-15.56654156	2.000858491		
-15.56551459	2.001288975		
-15.56397423	2.001934797		
-15.56166393	2.00290375		
-15.55819898	2.004357671		
-15.55300272	2.006539658		
-15.54521093	2.009815116		
-15.53352907	2.014733854		
-15.51601965	2.02212401		
-15.4897876	2.03323359		
-15.45050947	2.049952564		
-15.39330357	2.074488041		
-15.33617856	2.09920655		
-15.27913985	2.124089432		
-15.22217473	2.149129343		
-15.1652846	2.174322764		
-15.10847194	2.199653503		
-15.05171589	2.225115781		
-14.99501585	2.250705667		
-14.93836305	2.276415035		
-14.88175712	2.302232509		
-14.82519748	2.328154721		
-14.76869173	2.354163765		
-14.71222819	2.380248612		
-14.65580031	2.406405799		
-14.59941197	2.432617655		
-14.54304344	2.458879159		
-14.48669342	2.485192101		
-14.43037045	2.511537756		
-14.37404298	2.5379158		
-14.31772507	2.56432086		
-14.26142324	2.590738523		
-14.20512938	2.617154101		
-14.14883214	2.643563692		
-14.09253465	2.669952908		
-14.03622117	2.696320201		
-14.00798726	2.709530254		
-14.00091507	2.712838276		
-14.00003055	2.713251984		
-14.00000291	2.713264913		
-14.00000055	2.713266143		
-13.999996	2.713268146		
-13.99999081	2.71327057		
-13.99998304	2.713274206		
-13.99997138	2.713279661		
-13.99995388	2.713287843		
-13.99992765	2.713300115		
-13.99988829	2.713318524		
-13.99982925	2.713346138		
-13.99974069	2.713387558		
-13.99960785	2.713449687		
-13.9994086	2.713542881		
-13.99910972	2.713682669		
-13.99866141	2.713892347		
-13.99798895	2.714206853		
-13.99698029	2.714678588		
-13.99546737	2.715386139		
-13.99319811	2.716447348		
-13.98979453	2.718038896		
-13.98468985	2.720425622		
-13.97703436	2.724004374		
-13.96555482	2.729368976		
-13.94834307	2.737407503		
-13.92254199	2.749446485		
-13.88386762	2.767469757		
-13.82747498	2.793705902		
-13.77106273	2.819894022		
-13.71462906	2.846020889		
-13.65816424	2.872079861		
-13.60166808	2.898063831		
-13.54513417	2.923971437		
-13.48856308	2.949802571		
-13.43196021	2.975544172		
-13.37531434	3.001187627		
-13.3186002	3.026744045		
-13.26184359	3.052202372		
-13.20504623	3.077550775		
-13.14819706	3.102785848		
-13.09129599	3.127908712		
-13.034347	3.152915256		
-12.97734596	3.177803346		
-12.92029654	3.202565084		
-12.86319383	3.227192592		
-12.80602881	3.251687424		
-12.74878692	3.276056695		
-12.69149409	3.300279443		
-12.63413452	3.324358069		
-12.5767153	3.348294088		
-12.51923939	3.372082308		
-12.46170378	3.395716659		
-12.40410574	3.419192656		
-12.34644594	3.442503098		
-12.28871675	3.46564869		
-12.23092072	3.488632453		
-12.17305727	3.51144477		
-12.11511056	3.534082375		
-12.05709328	3.556544912		
-12.02799316	3.567735477		
-12.01341962	3.57332025		
-12.00612701	3.576110015		
-12.00247925	3.577504243		
-12.000655	3.578201194		
-12.00019888	3.578375423		
-12.00008485	3.57841898		
-12.00002783	3.578440758		
-12.00000068	3.578451899		
-11.99999576	3.578453008		
-11.9999922	3.578454369		
-11.99998685	3.578456411		
-11.99997883	3.578459474		
-11.99996681	3.578464067		
-11.99994877	3.578470958		
-11.9999217	3.578481294		
-11.99988111	3.578496798		
-11.99982023	3.578520054		
-11.9997289	3.578554936		
-11.9995919	3.57860726		
-11.99938641	3.578685742		
-11.99907817	3.57880346		
-11.99861581	3.578980024		
-11.99792227	3.579244843		
-11.99688198	3.579642007		
-11.99532157	3.580237611		
-11.992981	3.581130695		
-11.98947026	3.582469601		
-11.9842044	3.58447634		
-11.97630617	3.587482814		
-11.96446011	3.591984378		
-11.94669393	3.598718497		
-11.92005129	3.608779012		
-11.88010253	3.623779448		
-11.82181131	3.645485398		
-11.76344829	3.667004174		
-11.70502217	3.688329773		
-11.64652909	3.70945263		
-11.58796141	3.730371071		
-11.52931857	3.751089314		
-11.47059208	3.771605737		
-11.41179463	3.791906366		
-11.35292153	3.811993495		
-11.29397577	3.831869232		
-11.23496079	3.851529843		
-11.17588002	3.870966413		
-11.11672443	3.890177907		
-11.05749548	3.909166274		
-10.99819444	3.927935591		
-10.93883462	3.946477063		
-10.8794033	3.964783162		
-10.81989749	3.98285442		
-10.79004336	3.9918259		
-10.77509135	3.996295719		
-10.76760915	3.998526663		
-10.7638665	3.999641145		
-10.76293058	3.999919691		
-10.76269659	3.999989323		
-10.76266734	3.999998027		
-10.76266021	3.999999797		
-10.76265637	4.000001291		
-10.76265271	4.000002379		
-10.76264723	4.000004011		
-10.762639	4.000006459		
-10.76262666	4.000010131		
-10.76260815	4.000015638		
-10.76258039	4.0000239		
-10.76253874	4.000036293		
-10.76247627	4.000054881		
-10.76238257	4.000082763		
-10.76224201	4.000124586		
-10.76203117	4.000187316		
-10.76171492	4.000281406		
-10.76124054	4.000422527		
-10.76052897	4.000634177		
-10.75946164	4.000951584		
-10.75786067	4.001427538		
-10.75545927	4.002141121		
-10.7518573	4.003210703		
-10.74645469	4.004813184		
-10.7383515	4.007212508		
-10.7261982	4.010801666		
-10.70797161	4.016163464		
-10.68063944	4.024157239		
-10.6396589	4.036039304		
-10.5798646	4.053158279		
-10.52000088	4.0700407		
-10.46007749	4.086676733		
-10.40008809	4.103061155		
-10.34002935	4.119198773		
-10.27990351	4.135093052		
-10.21971937	4.150738804		
-10.1594764	4.166130887		
-10.09916625	4.181265639		
-10.03878984	4.196144794		
-10.00850109	4.203510221		
-10.00091227	4.205345582		
-10.00043766	4.205460234		
-10.00020034	4.205517555		
-10.00008169	4.205546215		
-10.00002236	4.205560545		
-10.00000753	4.205564127		
-10.00000011	4.205565918		
-9.999996402	4.205566814		
-9.999992694	4.205567709		
-9.999987132	4.205569053		
-9.999978788	4.205571068		
-9.999966274	4.20557409		
-9.999947502	4.205578624		
-9.999919343	4.205585425		
-9.999877106	4.205595626		
-9.99981375	4.205610927		
-9.999718717	4.205633878		
-9.999576167	4.205668304		
-9.999362342	4.205719939		
-9.999041607	4.205797385		
-9.998560508	4.205913538		
-9.997838867	4.206087734		
-9.996756423	4.206348949		
-9.995132796	4.206740598		
-9.992697442	4.207327677		
-9.98904461	4.208207413		
-9.983565806	4.209525032		
-9.975348604	4.211497009		
-9.963025064	4.214444971		
-9.944544778	4.218843841		
-9.916835409	4.225389787		
-9.875296575	4.235092628		
-9.814702606	4.2490146		
-9.754039279	4.262684183		
-9.693332426	4.276088469		
-9.632566363	4.289224705		
-9.57174205	4.302100859		
-9.510859459	4.314719233		
-9.449936588	4.327065998		
-9.388960861	4.339138949		
-9.327930509	4.350946559		
-9.266845508	4.362491702		
-9.205724403	4.373763694		
-9.144556608	4.384759311		
-9.083335275	4.395479276		
-9.022064905	4.405928221		
-8.960762537	4.416104801		
-8.89941919	4.426001556		
-8.838025382	4.435614037		
-8.776586657	4.444947578		
-8.715120892	4.454006602		
-8.653619073	4.462781232		
-8.592072369	4.471265219		
-8.530483762	4.479465387		
-8.468871552	4.487383475		
-8.407230844	4.495010916		
-8.345549006	4.502345296		
-8.283827271	4.509397424		
-8.222081178	4.516163217		
-8.160319135	4.522631619		
-8.098523226	4.528806825		
-8.036695742	4.534697903		
-8.005671562	4.537546456		
-8.00178268	4.537898344		
-8.000810167	4.537986162		
-8.000323885	4.538030047		
-8.000080737	4.538051983		
-8.000019949	4.538057467		
-8.000004752	4.538058838		
-8.000000953	4.53805918		
-7.999997154	4.538059523		
-7.999991455	4.538060037		
-7.999982906	4.538060808		
-7.999970084	4.538061965		
-7.99995085	4.5380637		
-7.999921999	4.538066302		
-7.999878724	4.538070205		
-7.99981381	4.53807606		
-7.999716439	4.538084841		
-7.999570384	4.538098011		
-7.999351303	4.538117762		
-7.999022685	4.538147381		
-7.998529764	4.538191791		
-7.997790399	4.538258366		
-7.996681387	4.538358136		
-7.995017947	4.538507584		
-7.992522968	4.538731293		
-7.988780902	4.539065811		
-7.983168711	4.539565248		
-7.974752468	4.540309153		
-7.962132704	4.541413269		
-7.943214059	4.543043778		
-7.914860405	4.545433798		
-7.872384157	4.548896361		
-7.810481065	4.553695562		
-7.748544815	4.558203976		
-7.686616174	4.562397353		
-7.624671854	4.566273295		
-7.562703586	4.569850103		
-7.500704989	4.573129268		
-7.438723245	4.576086015		
-7.376730951	4.578714862		
-7.314720801	4.581033459		
-7.252686076	4.583046074		
-7.190675036	4.584729118		
-7.128660091	4.586073421		
-7.066634466	4.587096105		
-7.004589877	4.587803734		
-6.942576063	4.588173259		
-6.880566541	4.588192364		
-6.818554565	4.587878334		
-6.756528729	4.587239372		
-6.694541167	4.586252451		
-6.632568352	4.584902756		
-6.570602513	4.583208342		
-6.508626882	4.581178245		
-6.446697419	4.578789083		
-6.384796236	4.57602428		
-6.322912912	4.572903012		
-6.261022143	4.569434175		
-6.199185756	4.565593993		
-6.137395177	4.561364991		
-6.075628671	4.556764425		
-6.01386811	4.551803755		
-6.006090941	4.551153836		
-6.002200479	4.550826612		
-6.000254781	4.550662436		
-6.000011515	4.550641885		
-6.000003913	4.550641242		
-6.000000112	4.550640921		
-5.99999631	4.5506406		
-5.999990609	4.550640118		
-5.999982056	4.550639396		
-5.999969227	4.550638312		
-5.999949984	4.550636686		
-5.999921119	4.550634247		
-5.999877822	4.550630588		
-5.999812876	4.550625099		
-5.999715459	4.550616865		
-5.999569333	4.550604513		
-5.999350148	4.550585979		
-5.999021376	4.55055817		
-5.998528232	4.550516432		
-5.997788547	4.550453777		
-5.99667909	4.55035968		
-5.995015062	4.550218281		
-5.992519377	4.550005614		
-5.988776648	4.549685335		
-5.983164353	4.549202051		
-5.97474995	4.548470714		
-5.962137415	4.547359408		
-5.943240347	4.545661222		
-5.914943834	4.543046522		
-5.872604354	4.538978008		
-5.811004171	4.532734847		
-5.749423988	4.526120269		
-5.687936975	4.519110011		
-5.626502794	4.511675007		
-5.565109319	4.503836733		
-5.503754696	4.495616684		
-5.442505914	4.487001411		
-5.381307788	4.477956338		
-5.320161803	4.468498859		
-5.25908371	4.458657091		
-5.198130967	4.448420972		
-5.137220164	4.437739932		
-5.076375977	4.426626291		
-5.015635597	4.415118915		
-4.955008754	4.403203382		
-4.894474438	4.3908367		
-4.834015475	4.378024022		
-4.773654125	4.364797643		
-4.713410668	4.351146575		
-4.653291377	4.337030572		
-4.59331402	4.322460977		
-4.533410942	4.3074522		
-4.473616431	4.292001472		
-4.414011353	4.27608504		
-4.35453503	4.259679556		
-4.295167571	4.242818392		
-4.235940685	4.225539922		
-4.176871983	4.207811404		
-4.117932372	4.189592329		
-4.059122525	4.170916564		
-4.029578075	4.161357328		
-4.014770811	4.156523968		
-4.007358595	4.154094031		
-4.003650363	4.152875771		
-4.001795718	4.15226582		
-4.000868264	4.151960641		
-4.000404505	4.151808		
-4.000172616	4.151731666		
-4.00005667	4.151693496		
-4.000027683	4.151683954		
-4.00001319	4.151679182		
-4.000005943	4.151676796		
-4.00000232	4.151675603		
-3.999998696	4.151674411		
-3.999993261	4.151672621		
-3.999985109	4.151669937		
-3.99997288	4.151665911		
-3.999954536	4.151659872		
-3.999927022	4.151650813		
-3.99988575	4.151637225		
-3.999823842	4.151616842		
-3.999730982	4.151586267		
-3.999591694	4.151540402		
-3.999382768	4.151471599		
-3.999069391	4.151368383		
-3.998599353	4.151213533		
-3.99789436	4.150981198		
-3.996837012	4.150632564		
-3.99525131	4.150109315		
-3.992873473	4.149323772		
-3.989308329	4.148143962		
-3.983964226	4.146370902		
-3.975956167	4.143703858		
-3.963962186	4.139686772		
-3.94601157	4.133624787		
-3.919175181	4.124452668		
-3.879126418	4.110525678		
-3.821111038	4.0898479		
-3.763238947	4.068652103		
-3.70556966	4.046939213		
-3.64817362	4.024692876		
-3.590969035	4.001903518		
-3.587350329	4.000441906		
-3.586445167	4.000075945		
-3.586332003	4.000030182		
-3.586275421	4.000007299		
-3.586261275	4.000001578		
-3.586257739	4.000000148		
-3.58625597	3.999999433		
-3.586253318	3.999998361		
-3.58624934	3.999996752		
-3.586243372	3.999994338		
-3.58623442	3.999990718		
-3.586220993	3.999985288		
-3.586200852	3.999977142		
-3.586170641	3.999964924		
-3.586125324	3.999946596		
-3.586057349	3.999919105		
-3.585955388	3.999877867		
-3.58580245	3.999816009		
-3.58557305	3.999723219		
-3.585228965	3.999584028		
-3.584712871	3.999375227		
-3.583938807	3.999061995		
-3.582777882	3.998592076		
-3.581036881	3.997887041		
-3.578426246	3.996829133		
-3.57451224	3.995241483		
-3.568645593	3.992858248		
-3.559855375	3.989279503		
-3.546691798	3.983902827		
-3.526994717	3.97581923		
-3.498353612	3.96398006		
-3.469761475	3.952038709		
-3.441215628	3.939977579		
-3.41271983	3.927806379		
-3.384266761	3.91553038		
-3.355857196	3.903150137		
-3.327506293	3.890664344		
-3.299205276	3.878065669		
-3.270940493	3.86534867		
-3.242731764	3.852518814		
-3.214583998	3.839566581		
-3.186487731	3.826481568		
-3.158455155	3.813275592		
-3.130479548	3.799950967		
-3.102564517	3.786501585		
-3.074720955	3.772921254		
-3.046943163	3.75920912		
-3.019224418	3.745370392		
-3.005327382	3.738377297		
-3.001844084	3.736619074		
-3.000101783	3.735738828		
-3.00004731	3.735711298		
-3.000020073	3.735697533		
-3.000006455	3.735690651		
-3.000000354	3.735686936		
-2.999997943	3.735686349		
-2.999996241	3.735685489		
-2.999993688	3.735684198		
-2.999989857	3.735682262		
-2.999984112	3.735679359		
-2.999975494	3.735675003		
-2.999962568	3.73566847		
-2.999943178	3.73565867		
-2.999914093	3.735643971		
-2.999870466	3.735621921		
-2.999805026	3.735588846		
-2.999706868	3.735539232		
-2.999559636	3.73546481		
-2.999338796	3.735353172		
-2.999007557	3.735185704		
-2.998510743	3.734934479		
-2.997765625	3.734557589		
-2.996648178	3.733992137		
-2.994972524	3.733143694		
-2.992460204	3.731870439		
-2.988694327	3.729959235		
-2.983051342	3.727089494		
-2.974599885	3.722778388		
-2.961950951	3.716297194		
-2.94304044	3.706544265		
-2.915567338	3.692242964		
-2.88816153	3.677824166		
-2.860819116	3.663281941		
-2.833552091	3.648610228		
-2.806362452	3.633806054		
-2.779239559	3.618873124		
-2.752185223	3.60382739		
-2.725207477	3.588665185		
-2.698299747	3.57336953		
-2.671463623	3.557947088		
-2.644701626	3.542405114		
-2.618006898	3.526740279		
-2.591397132	3.510948457		
-2.564873503	3.495022751		
-2.538423381	3.478972113		
-2.512048542	3.462810991		
-2.485751316	3.446533633		
-2.4595315	3.43012514		
-2.433401707	3.413589122		
-2.407354421	3.396925414		
-2.381380897	3.380135814		
-2.355500684	3.363229547		
-2.329706582	3.346196068		
-2.303989219	3.329035488		
-2.278362587	3.311762368		
-2.252812686	3.294371489		
-2.227345274	3.276853611		
-2.201986081	3.25920616		
-2.176719771	3.241426228		
-2.151534415	3.223528714		
-2.126441266	3.205533043		
-2.101432288	3.187412612		
-2.076516153	3.169157277		
-2.051708673	3.150780652		
-2.026989596	3.132271856		
-2.002361112	3.113651849		
-2.000807028	3.112471372		
-2.000029795	3.11188075		
-2.000005499	3.111862284		
-2.000000576	3.111857213		
-1.999997906	3.111856514		
-1.999996387	3.11185536		
-1.999994109	3.111853628		
-1.999990693	3.111851032		
-1.999985568	3.111847137		
-1.99997788	3.111841294		
-1.999966349	3.11183253		
-1.999949052	3.111819384		
-1.999923107	3.111799664		
-1.999884189	3.111770085		
-1.999825814	3.111725716		
-1.999738254	3.111659163		
-1.99960692	3.111559331		
-1.99940993	3.111409582		
-1.999114473	3.111184952		
-1.998671348	3.110847996		
-1.998006801	3.110342534		
-1.99701029	3.109584282		
-1.995516222	3.108446768		
-1.993276687	3.1067402		
-1.98992089	3.104179686		
-1.984895024	3.10033747		
-1.97737365	3.09457102		
-1.966130143	3.085914737		
-1.94934951	3.07291678		
-1.92503166	3.05391549		
-1.9008117	3.034797314		
-1.87667613	3.01555861		
-1.864569062	3.005833561		
-1.858508665	3.000943184		
-1.857749528	3.000329485		
-1.85736993	3.000022519		
-1.857346201	3.000003328		
-1.857343235	3.00000093		
-1.857341559	3.00000027		
-1.857340269	2.999998531		
-1.857338045	2.999996732		
-1.857334708	2.999994033		
-1.857329703	2.999989985		
-1.857322195	2.999983913		
-1.857310933	2.999974805		
-1.857294041	2.999961143		
-1.857268702	2.99994065		
-1.857230695	2.99990991		
-1.857173686	2.9998638		
-1.857088174	2.999794635		
-1.856959911	2.999690887		
-1.856767529	2.999535264		
-1.856478985	2.999301827		
-1.856046229	2.998951664		
-1.855397235	2.998426405		
-1.854424056	2.997638484		
-1.852964989	2.99645653		
-1.85077796	2.994683438		
-1.847500937	2.992023451		
-1.842593257	2.988032718		
-1.835249207	2.982045039		
-1.824271758	2.973060327		
-1.807890261	2.95957723		
-1.784161723	2.93988633		
-1.760528599	2.920084675		
-1.736986374	2.900159171		
-1.713566929	2.880109512		
-1.690270343	2.859939399		
-1.667066038	2.839654718		
-1.643969083	2.819276253		
-1.620963962	2.798784053		
-1.5980575	2.778163217		
-1.575290869	2.757421747		
-1.552644251	2.736558111		
-1.530095366	2.715590499		
-1.507655773	2.694537624		
-1.485311406	2.673361712		
-1.463083673	2.652057464		
-1.44099553	2.630631831		
-1.419030719	2.609093796		
-1.397170025	2.587463864		
-1.375413606	2.565746564		
-1.353758099	2.543901944		
-1.332239459	2.52193184		
-1.310861215	2.499835703		
-1.289613292	2.477645009		
-1.268470491	2.455372268		
-1.247430807	2.433002415		
-1.226496566	2.410502875		
-1.205717055	2.387884478		
-1.18509119	2.365139061		
-1.164605556	2.342267771		
-1.144285077	2.319275812		
-1.124125526	2.296125939		
-1.104135158	2.27278692		
-1.084390514	2.249282838		
-1.064873339	2.225651502		
-1.045498577	2.201883635		
-1.026296608	2.178027492		
-1.007223571	2.154039309		
-1.002405499	2.147935738		
-1.001198041	2.146403441		
-1.000594156	2.145636696		
-1.000292174	2.145253174		
-1.000141174	2.145061376		
-1.000065672	2.144965468		
-1.00002792	2.144917512		
-1.000009044	2.144893533		
-1.000000395	2.144881812		
-0.999998426	2.144880045		
-0.999997246	2.144878546		
-0.999995476	2.144876298		
-0.999992822	2.144872926		
-0.99998884	2.144867868		
-0.999982868	2.14486028		
-0.999973909	2.1448489		
-0.999960471	2.144831828		
-0.999940314	2.144806222		
-0.99991008	2.144767812		
-0.99986473	2.144710197		
-0.999796709	2.144623775		
-0.999694684	2.144494143		
-0.999541664	2.144299696		
-0.999312172	2.144008029		
-0.998968018	2.143570538		
-0.99845198	2.142914321		
-0.997678351	2.141930038		
-0.996518872	2.140453712		
-0.99478181	2.138239448		
-0.992181029	2.134918572		
-0.988292192	2.12993958		
-0.982486674	2.122477343		
-0.973836032	2.111307156		
-0.960966838	2.0945965		
-0.942385994	2.070284201		
-0.923928047	2.045899462		
-0.905584834	2.021412931		
-0.896356376	2.009000109		
-0.891728969	2.002753501		
-0.890568893	2.001185195		
-0.889988662	2.000400439		
-0.889698499	2.000007911		
-0.889693964	2.000001775		
-0.88969283	2.000000241		
-0.889691696	1.999998708		
-0.889689996	1.999996407		
-0.889687445	1.999992956		
-0.889683618	1.999987779		
-0.889677879	1.999980014		
-0.88966927	1.999968367		
-0.889656356	1.999950896		
-0.889636985	1.99992469		
-0.88960793	1.999885381		
-0.889564348	1.999826418		
-0.889498977	1.999737976		
-0.889400925	1.999605318		
-0.889253857	1.999406341		
-0.889033278	1.999107898		
-0.888702461	1.998660285		
-0.888206352	1.997988981		
-0.88746245	1.996982285		
-0.886347183	1.995472824		
-0.884675593	1.993209939		
-0.882171794	1.989818949		
-0.878425165	1.984739675		
-0.872825489	1.977132942		
-0.864475679	1.965744379		
-0.852065918	1.94870753		
-0.834171016	1.923921509		
-0.816431082	1.899060726		
-0.79883615	1.87408349		
-0.781380255	1.849085587		
-0.764027104	1.824065513		
-0.74676299	1.798944671		
-0.729600534	1.773690796		
-0.712642528	1.748358682		
-0.695887914	1.722999815		
-0.67920763	1.697541235		
-0.662679684	1.672042893		
-0.64628055	1.646414859		
-0.629981082	1.620686526		
-0.613876672	1.595020878		
-0.597873478	1.569221615		
-0.581979234	1.543303879		
-0.566279585	1.517328979		
-0.550768169	1.491266102		
-0.535387885	1.465206713		
-0.520136233	1.439148845		
-0.504991009	1.412957204		
-0.489951396	1.386604654		
-0.475204186	1.360300054		
-0.460665371	1.33392268		
-0.446189793	1.307389619		
-0.431892441	1.280828112		
-0.417773211	1.254107555		
-0.403838602	1.227494008		
-0.390025424	1.200945219		
-0.376304361	1.174267459		
-0.362682273	1.147371678		
-0.349368672	1.120444368		
-0.336426992	1.093656237		
-0.323550236	1.066661323		
-0.310814197	1.039582245		
-0.298280827	1.012369918		
-0.295082684	1.005324413		
-0.293481166	1.001781777		
-0.292679826	1.000005619		
-0.292678258	1.000002142		
-0.292677474	1.000000403		
-0.29267669	0.999998664		
-0.292675514	0.999996056		
-0.29267375	0.999992144		
-0.292671104	0.999986275		
-0.292667135	0.999977473		
-0.292661182	0.999964269		
-0.292652253	0.999944464		
-0.292638859	0.999914757		
-0.292618768	0.999870198		
-0.292588632	0.999803362		
-0.29254343	0.999703115		
-0.292475631	0.999552759		
-0.29237394	0.99932726		
-0.292221424	0.998989088		
-0.291992691	0.998482003		
-0.291649689	0.997721761		
-0.291135399	0.996582261		
-0.290364448	0.994874943		
-0.289209102	0.992318259		
-0.287478499	0.988492735		
-0.284887977	0.982775299		
-0.281014107	0.974244355		
-0.275271633	0.961572318		
-0.266839321	0.942772988		
-0.254854701	0.915640262		
-0.242978802	0.888236551		
-0.231584495	0.86109047		
-0.220496755	0.833937011		
-0.209403337	0.806542437		
-0.198482226	0.779068275		
-0.1878867	0.751398339		
-0.177750231	0.724433313		
-0.16762082	0.697344561		
-0.157763359	0.670155809		
-0.148159755	0.642519865		
-0.138641943	0.615090242		
-0.129458436	0.588791282		
-0.119880393	0.561352775		
-0.109979282	0.53321777		
-0.099377992	0.504209859		
-0.089624275	0.478462179		
-0.080438806	0.454425882		
-0.072409525	0.433415069		
-0.06429443	0.4121797		
-0.057518295	0.394448084		
