# pressure
-2.850000e+01 -1.142146e+00
-2.871429e+01 -1.000000e+00
-2.800000e+01 -1.475290e+00
-2.850000e+01 -1.142146e+00
-2.871429e+01 -1.000000e+00
-2.882396e+01 -5.000000e-01
-2.882396e+01 -5.000000e-01
-2.878772e+01 0.000000e+00
-2.600000e+01 -2.054750e+00
-2.630132e+01 -2.000000e+00
-2.550000e+01 -2.141200e+00
-2.600000e+01 -2.054750e+00
-2.500000e+01 -2.221415e+00
-2.550000e+01 -2.141200e+00
-2.450000e+01 -2.292085e+00
-2.500000e+01 -2.221415e+00
-2.400000e+01 -2.349778e+00
-2.450000e+01 -2.292085e+00
-2.750000e+01 -1.657780e+00
-2.796017e+01 -1.500000e+00
-2.700000e+01 -1.807790e+00
-2.750000e+01 -1.657780e+00
-2.650000e+01 -1.946671e+00
-2.700000e+01 -1.807790e+00
-2.630132e+01 -2.000000e+00
-2.650000e+01 -1.946671e+00
-2.796017e+01 -1.500000e+00
-2.800000e+01 -1.475290e+00
-2.350000e+01 -2.393108e+00
-2.400000e+01 -2.349778e+00
-2.300000e+01 -2.420524e+00
-2.350000e+01 -2.393108e+00
-2.250000e+01 -2.428416e+00
-2.300000e+01 -2.420524e+00
-2.200000e+01 -2.410851e+00
-2.250000e+01 -2.428416e+00
-2.150000e+01 -2.362746e+00
-2.200000e+01 -2.410851e+00
-2.100000e+01 -2.275855e+00
-2.150000e+01 -2.362746e+00
-2.050000e+01 -2.125808e+00
-2.100000e+01 -2.275855e+00
-2.027646e+01 -2.000000e+00
-2.050000e+01 -2.125808e+00
-2.027646e+01 -2.000000e+00
-2.000000e+01 -1.862288e+00
-1.982940e+01 -1.750000e+00
-2.000000e+01 -1.896821e+00
-1.982940e+01 -1.750000e+00
-1.975000e+01 -1.670468e+00
-1.950823e+01 -1.500000e+00
-1.975000e+01 -1.670468e+00
-1.950823e+01 -1.500000e+00
-1.950000e+01 -1.494393e+00
-1.925000e+01 -1.325136e+00
-1.950000e+01 -1.494393e+00
-1.909972e+01 -1.250000e+00
-1.925000e+01 -1.325136e+00
-1.909972e+01 -1.250000e+00
-1.900000e+01 -1.201404e+00
-1.875000e+01 -1.117636e+00
-1.900000e+01 -1.201404e+00
-1.850000e+01 -1.064064e+00
-1.875000e+01 -1.117636e+00
-1.825000e+01 -1.027270e+00
-1.850000e+01 -1.064064e+00
-1.800285e+01 -1.000000e+00
-1.825000e+01 -1.027270e+00
-1.800285e+01 -1.000000e+00
-1.800000e+01 -9.996747e-01
-1.775000e+01 -9.777371e-01
-1.800000e+01 -9.996747e-01
-1.750000e+01 -9.622644e-01
-1.775000e+01 -9.777371e-01
-1.725000e+01 -9.515472e-01
-1.750000e+01 -9.622644e-01
-1.700000e+01 -9.437818e-01
-1.725000e+01 -9.515472e-01
-1.675000e+01 -9.382003e-01
-1.700000e+01 -9.437818e-01
-1.650000e+01 -9.352008e-01
-1.675000e+01 -9.382003e-01
-1.625000e+01 -9.362484e-01
-1.650000e+01 -9.352008e-01
-1.600000e+01 -9.438459e-01
-1.625000e+01 -9.362484e-01
-1.200000e+01 -6.117680e+00
-1.221643e+01 -6.000000e+00
-1.250000e+01 -5.817462e+00
-1.260617e+01 -5.750000e+00
-1.225000e+01 -5.978060e+00
-1.250000e+01 -5.817462e+00
-1.221643e+01 -6.000000e+00
-1.225000e+01 -5.978060e+00
-1.275000e+01 -5.635757e+00
-1.292733e+01 -5.500000e+00
-1.260617e+01 -5.750000e+00
-1.275000e+01 -5.635757e+00
-1.300000e+01 -5.423888e+00
-1.317602e+01 -5.250000e+00
-1.292733e+01 -5.500000e+00
-1.300000e+01 -5.423888e+00
-1.325000e+01 -5.126355e+00
-1.333067e+01 -5.000000e+00
-1.317602e+01 -5.250000e+00
-1.325000e+01 -5.126355e+00
-1.333067e+01 -5.000000e+00
-1.335212e+01 -4.750000e+00
-1.335212e+01 -4.750000e+00
-1.325000e+01 -4.593158e+00
-1.317860e+01 -4.500000e+00
-1.325000e+01 -4.593158e+00
-1.317860e+01 -4.500000e+00
-1.300000e+01 -4.384540e+00
-1.277775e+01 -4.250000e+00
-1.300000e+01 -4.384540e+00
-1.277775e+01 -4.250000e+00
-1.275000e+01 -4.236833e+00
-1.250000e+01 -4.115846e+00
-1.275000e+01 -4.236833e+00
-1.227334e+01 -4.000000e+00
-1.250000e+01 -4.115846e+00
-1.050000e+01 -6.776056e+00
-1.057707e+01 -6.750000e+00
-1.025000e+01 -6.857975e+00
-1.050000e+01 -6.776056e+00
-1.000000e+01 -6.936620e+00
-1.025000e+01 -6.857975e+00
-1.100000e+01 -6.587833e+00
-1.122018e+01 -6.500000e+00
-1.075000e+01 -6.684622e+00
-1.100000e+01 -6.587833e+00
-1.057707e+01 -6.750000e+00
-1.075000e+01 -6.684622e+00
-1.175000e+01 -6.253802e+00
-1.175805e+01 -6.250000e+00
-1.150000e+01 -6.370350e+00
-1.175000e+01 -6.253802e+00
-1.125000e+01 -6.486311e+00
-1.150000e+01 -6.370350e+00
-1.122018e+01 -6.500000e+00
-1.125000e+01 -6.486311e+00
-1.175805e+01 -6.250000e+00
-1.200000e+01 -6.117680e+00
-8.500000e+00 -7.286660e+00
-8.701745e+00 -7.250000e+00
-8.250000e+00 -7.328620e+00
-8.500000e+00 -7.286660e+00
-8.000000e+00 -7.366641e+00
-8.250000e+00 -7.328620e+00
-9.750000e+00 -7.010763e+00
-9.789007e+00 -7.000000e+00
-9.500000e+00 -7.075759e+00
-9.750000e+00 -7.010763e+00
-9.250000e+00 -7.135587e+00
-9.500000e+00 -7.075759e+00
-9.000000e+00 -7.190421e+00
-9.250000e+00 -7.135587e+00
-8.750000e+00 -7.240865e+00
-9.000000e+00 -7.190421e+00
-8.701745e+00 -7.250000e+00
-8.750000e+00 -7.240865e+00
-9.789007e+00 -7.000000e+00
-1.000000e+01 -6.936620e+00
-1.227334e+01 -4.000000e+00
-1.225000e+01 -3.987424e+00
-1.200000e+01 -3.845901e+00
-1.225000e+01 -3.987424e+00
-1.200000e+01 -2.795096e+00
-1.204888e+01 -2.750000e+00
-1.225000e+01 -2.631417e+00
-1.244337e+01 -2.500000e+00
-1.204888e+01 -2.750000e+00
-1.225000e+01 -2.631417e+00
-1.275000e+01 -2.322948e+00
-1.286124e+01 -2.250000e+00
-1.250000e+01 -2.469878e+00
-1.275000e+01 -2.322948e+00
-1.244337e+01 -2.500000e+00
-1.250000e+01 -2.469878e+00
-1.325000e+01 -2.027751e+00
-1.329196e+01 -2.000000e+00
-1.300000e+01 -2.174694e+00
-1.325000e+01 -2.027751e+00
-1.286124e+01 -2.250000e+00
-1.300000e+01 -2.174694e+00
-1.400000e+01 -1.590770e+00
-1.416010e+01 -1.500000e+00
-1.450000e+01 -1.325995e+00
-1.467317e+01 -1.250000e+00
-1.425000e+01 -1.450315e+00
-1.450000e+01 -1.325995e+00
-1.416010e+01 -1.500000e+00
-1.425000e+01 -1.450315e+00
-1.525000e+01 -1.046734e+00
-1.548043e+01 -1.000000e+00
-1.500000e+01 -1.117491e+00
-1.525000e+01 -1.046734e+00
-1.475000e+01 -1.213581e+00
-1.500000e+01 -1.117491e+00
-1.467317e+01 -1.250000e+00
-1.475000e+01 -1.213581e+00
-1.575000e+01 -9.615968e-01
-1.600000e+01 -9.438459e-01
-1.550000e+01 -9.957648e-01
-1.575000e+01 -9.615968e-01
-1.548043e+01 -1.000000e+00
-1.550000e+01 -9.957648e-01
-1.350000e+01 -1.881968e+00
-1.372034e+01 -1.750000e+00
-1.329196e+01 -2.000000e+00
-1.350000e+01 -1.881968e+00
-1.375000e+01 -1.733252e+00
-1.400000e+01 -1.590770e+00
-1.372034e+01 -1.750000e+00
-1.375000e+01 -1.733252e+00
-1.184423e+01 -3.750000e+00
-1.200000e+01 -3.845901e+00
-1.184423e+01 -3.750000e+00
-1.175000e+01 -3.667459e+00
-1.157022e+01 -3.500000e+00
-1.175000e+01 -3.667459e+00
-1.157022e+01 -3.500000e+00
-1.152323e+01 -3.250000e+00
-1.152323e+01 -3.250000e+00
-1.171213e+01 -3.000000e+00
-1.175000e+01 -2.977042e+00
-1.200000e+01 -2.795096e+00
-1.171213e+01 -3.000000e+00
-1.175000e+01 -2.977042e+00
-7.750000e+00 -7.399728e+00
-8.000000e+00 -7.366641e+00
-7.500000e+00 -7.427191e+00
-7.750000e+00 -7.399728e+00
-7.250000e+00 -7.448691e+00
-7.500000e+00 -7.427191e+00
-7.000000e+00 -7.464140e+00
-7.250000e+00 -7.448691e+00
-6.750000e+00 -7.473559e+00
-7.000000e+00 -7.464140e+00
-6.500000e+00 -7.477062e+00
-6.750000e+00 -7.473559e+00
-6.250000e+00 -7.475004e+00
-6.500000e+00 -7.477062e+00
-6.000000e+00 -7.467683e+00
-6.250000e+00 -7.475004e+00
-5.750000e+00 -7.455428e+00
-6.000000e+00 -7.467683e+00
-5.500000e+00 -7.438076e+00
-5.750000e+00 -7.455428e+00
-5.250000e+00 -7.415508e+00
-5.500000e+00 -7.438076e+00
-5.000000e+00 -7.387990e+00
-5.250000e+00 -7.415508e+00
-4.750000e+00 -7.356371e+00
-5.000000e+00 -7.387990e+00
-4.500000e+00 -7.320421e+00
-4.750000e+00 -7.356371e+00
-4.250000e+00 -7.278219e+00
-4.500000e+00 -7.320421e+00
-4.115361e+00 -7.250000e+00
-4.250000e+00 -7.278219e+00
-4.115361e+00 -7.250000e+00
-4.000000e+00 -7.226174e+00
-3.750000e+00 -7.161052e+00
-4.000000e+00 -7.226174e+00
-3.500000e+00 -7.080784e+00
-3.750000e+00 -7.161052e+00
-3.295666e+00 -7.000000e+00
-3.500000e+00 -7.080784e+00
-3.295666e+00 -7.000000e+00
-3.250000e+00 -6.981688e+00
-3.000000e+00 -6.862036e+00
-3.250000e+00 -6.981688e+00
-2.787489e+00 -6.750000e+00
-3.000000e+00 -6.862036e+00
-2.787489e+00 -6.750000e+00
-2.750000e+00 -6.729857e+00
-2.500000e+00 -6.588307e+00
-2.750000e+00 -6.729857e+00
-2.351418e+00 -6.500000e+00
-2.500000e+00 -6.588307e+00
-2.351418e+00 -6.500000e+00
-2.250000e+00 -6.439042e+00
-2.000000e+00 -6.279313e+00
-2.250000e+00 -6.439042e+00
-1.958267e+00 -6.250000e+00
-2.000000e+00 -6.279313e+00
-1.958267e+00 -6.250000e+00
-1.750000e+00 -6.102877e+00
-1.617234e+00 -6.000000e+00
-1.750000e+00 -6.102877e+00
-1.617234e+00 -6.000000e+00
-1.500000e+00 -5.908437e+00
-1.316269e+00 -5.750000e+00
-1.500000e+00 -5.908437e+00
-1.316269e+00 -5.750000e+00
-1.250000e+00 -5.692557e+00
-1.049487e+00 -5.500000e+00
-1.250000e+00 -5.692557e+00
-1.049487e+00 -5.500000e+00
-1.000000e+00 -5.452158e+00
-8.129148e-01 -5.250000e+00
-1.000000e+00 -5.452158e+00
-8.129148e-01 -5.250000e+00
-7.500000e-01 -5.180342e+00
-6.053789e-01 -5.000000e+00
-7.500000e-01 -5.180342e+00
-6.053789e-01 -5.000000e+00
-5.000000e-01 -4.862907e+00
-4.221272e-01 -4.750000e+00
-5.000000e-01 -4.862907e+00
-4.221272e-01 -4.750000e+00
-2.589055e-01 -4.500000e+00
-2.589055e-01 -4.500000e+00
-2.500000e-01 -4.486455e+00
-1.151222e-01 -4.250000e+00
-2.500000e-01 -4.486455e+00
-1.151222e-01 -4.250000e+00
0.000000e+00 -4.007913e+00
3.447109e-03 -4.000000e+00
0.000000e+00 -4.007913e+00
3.120017e-03 -4.000000e+00
9.043342e-02 -3.875000e+00
9.043342e-02 -3.875000e+00
1.250000e-01 -3.818692e+00
1.639645e-01 -3.750000e+00
1.250000e-01 -3.818692e+00
1.639645e-01 -3.750000e+00
2.361456e-01 -3.625000e+00
2.361456e-01 -3.625000e+00
2.500000e-01 -3.601203e+00
3.048187e-01 -3.500000e+00
2.500000e-01 -3.601203e+00
3.048187e-01 -3.500000e+00
3.681496e-01 -3.375000e+00
3.681496e-01 -3.375000e+00
3.750000e-01 -3.360798e+00
4.240525e-01 -3.250000e+00
3.750000e-01 -3.360798e+00
4.240525e-01 -3.250000e+00
4.702559e-01 -3.125000e+00
4.702559e-01 -3.125000e+00
5.000000e-01 -3.011543e+00
5.028424e-01 -3.000000e+00
5.000000e-01 -3.011543e+00
-2.878772e+01 0.000000e+00
-2.882396e+01 5.000000e-01
-2.882396e+01 5.000000e-01
-2.871429e+01 1.000000e+00
-2.871429e+01 1.000000e+00
-2.850000e+01 1.142146e+00
-2.800000e+01 1.475290e+00
-2.850000e+01 1.142146e+00
-2.796017e+01 1.500000e+00
-2.800000e+01 1.475290e+00
-2.796017e+01 1.500000e+00
-2.750000e+01 1.657780e+00
-2.700000e+01 1.807790e+00
-2.750000e+01 1.657780e+00
-2.650000e+01 1.946671e+00
-2.700000e+01 1.807790e+00
-2.630132e+01 2.000000e+00
-2.650000e+01 1.946671e+00
-2.630132e+01 2.000000e+00
-2.600000e+01 2.054750e+00
-2.550000e+01 2.141200e+00
-2.600000e+01 2.054750e+00
-2.500000e+01 2.221415e+00
-2.550000e+01 2.141200e+00
-2.450000e+01 2.292085e+00
-2.500000e+01 2.221415e+00
-2.400000e+01 2.349778e+00
-2.450000e+01 2.292085e+00
-2.000000e+01 1.862288e+00
-2.027646e+01 2.000000e+00
-2.350000e+01 2.393108e+00
-2.400000e+01 2.349778e+00
-2.300000e+01 2.420524e+00
-2.350000e+01 2.393108e+00
-2.250000e+01 2.428416e+00
-2.300000e+01 2.420524e+00
-2.200000e+01 2.410851e+00
-2.250000e+01 2.428416e+00
-2.150000e+01 2.362746e+00
-2.200000e+01 2.410851e+00
-2.100000e+01 2.275855e+00
-2.150000e+01 2.362746e+00
-2.050000e+01 2.125808e+00
-2.100000e+01 2.275855e+00
-2.027646e+01 2.000000e+00
-2.050000e+01 2.125808e+00
-1.800000e+01 9.996747e-01
-1.800285e+01 1.000000e+00
-1.900000e+01 1.201404e+00
-1.909972e+01 1.250000e+00
-1.875000e+01 1.117636e+00
-1.900000e+01 1.201404e+00
-1.850000e+01 1.064064e+00
-1.875000e+01 1.117636e+00
-1.825000e+01 1.027270e+00
-1.850000e+01 1.064064e+00
-1.800285e+01 1.000000e+00
-1.825000e+01 1.027270e+00
-1.950000e+01 1.494393e+00
-1.950823e+01 1.500000e+00
-1.925000e+01 1.325136e+00
-1.950000e+01 1.494393e+00
-1.909972e+01 1.250000e+00
-1.925000e+01 1.325136e+00
-1.975000e+01 1.670468e+00
-1.982940e+01 1.750000e+00
-1.950823e+01 1.500000e+00
-1.975000e+01 1.670468e+00
-1.982940e+01 1.750000e+00
-2.000000e+01 1.896821e+00
-1.775000e+01 9.777371e-01
-1.800000e+01 9.996747e-01
-1.750000e+01 9.622644e-01
-1.775000e+01 9.777371e-01
-1.725000e+01 9.515472e-01
-1.750000e+01 9.622644e-01
-1.700000e+01 9.437818e-01
-1.725000e+01 9.515472e-01
-1.675000e+01 9.382003e-01
-1.700000e+01 9.437818e-01
-1.650000e+01 9.352008e-01
-1.675000e+01 9.382003e-01
-1.625000e+01 9.362484e-01
-1.650000e+01 9.352008e-01
-1.600000e+01 9.438459e-01
-1.625000e+01 9.362484e-01
-1.575000e+01 9.615968e-01
-1.600000e+01 9.438459e-01
-1.550000e+01 9.957648e-01
-1.575000e+01 9.615968e-01
-1.548043e+01 1.000000e+00
-1.550000e+01 9.957648e-01
-1.548043e+01 1.000000e+00
-1.525000e+01 1.046734e+00
-1.500000e+01 1.117491e+00
-1.525000e+01 1.046734e+00
-1.475000e+01 1.213581e+00
-1.500000e+01 1.117491e+00
-1.467317e+01 1.250000e+00
-1.475000e+01 1.213581e+00
-1.467317e+01 1.250000e+00
-1.450000e+01 1.325995e+00
-1.425000e+01 1.450315e+00
-1.450000e+01 1.325995e+00
-1.416010e+01 1.500000e+00
-1.425000e+01 1.450315e+00
-1.416010e+01 1.500000e+00
-1.400000e+01 1.590770e+00
-1.375000e+01 1.733252e+00
-1.400000e+01 1.590770e+00
-1.372034e+01 1.750000e+00
-1.375000e+01 1.733252e+00
-1.372034e+01 1.750000e+00
-1.350000e+01 1.881968e+00
-1.329196e+01 2.000000e+00
-1.350000e+01 1.881968e+00
-1.329196e+01 2.000000e+00
-1.325000e+01 2.027751e+00
-1.300000e+01 2.174694e+00
-1.325000e+01 2.027751e+00
-1.286124e+01 2.250000e+00
-1.300000e+01 2.174694e+00
-1.286124e+01 2.250000e+00
-1.275000e+01 2.322948e+00
-1.250000e+01 2.469878e+00
-1.275000e+01 2.322948e+00
-1.244337e+01 2.500000e+00
-1.250000e+01 2.469878e+00
-1.244337e+01 2.500000e+00
-1.225000e+01 2.631417e+00
-1.204888e+01 2.750000e+00
-1.225000e+01 2.631417e+00
-1.204888e+01 2.750000e+00
-1.200000e+01 2.795096e+00
-1.225000e+01 3.987424e+00
-1.227334e+01 4.000000e+00
-1.200000e+01 3.845901e+00
-1.225000e+01 3.987424e+00
-1.175000e+01 2.977042e+00
-1.200000e+01 2.795096e+00
-1.171213e+01 3.000000e+00
-1.175000e+01 2.977042e+00
-1.171213e+01 3.000000e+00
-1.152323e+01 3.250000e+00
-1.152323e+01 3.250000e+00
-1.157022e+01 3.500000e+00
-1.175000e+01 3.667459e+00
-1.184423e+01 3.750000e+00
-1.157022e+01 3.500000e+00
-1.175000e+01 3.667459e+00
-1.184423e+01 3.750000e+00
-1.200000e+01 3.845901e+00
-1.275000e+01 4.236833e+00
-1.277775e+01 4.250000e+00
-1.250000e+01 4.115846e+00
-1.275000e+01 4.236833e+00
-1.227334e+01 4.000000e+00
-1.250000e+01 4.115846e+00
-1.300000e+01 4.384540e+00
-1.317860e+01 4.500000e+00
-1.277775e+01 4.250000e+00
-1.300000e+01 4.384540e+00
-1.325000e+01 4.593158e+00
-1.335212e+01 4.750000e+00
-1.317860e+01 4.500000e+00
-1.325000e+01 4.593158e+00
-1.335212e+01 4.750000e+00
-1.333067e+01 5.000000e+00
-1.333067e+01 5.000000e+00
-1.325000e+01 5.126355e+00
-1.317602e+01 5.250000e+00
-1.325000e+01 5.126355e+00
-1.317602e+01 5.250000e+00
-1.300000e+01 5.423888e+00
-1.292733e+01 5.500000e+00
-1.300000e+01 5.423888e+00
-1.292733e+01 5.500000e+00
-1.275000e+01 5.635757e+00
-1.260617e+01 5.750000e+00
-1.275000e+01 5.635757e+00
-1.260617e+01 5.750000e+00
-1.250000e+01 5.817462e+00
-1.225000e+01 5.978060e+00
-1.250000e+01 5.817462e+00
-1.221643e+01 6.000000e+00
-1.225000e+01 5.978060e+00
-1.221643e+01 6.000000e+00
-1.200000e+01 6.117680e+00
-1.175805e+01 6.250000e+00
-1.200000e+01 6.117680e+00
-1.175805e+01 6.250000e+00
-1.175000e+01 6.253802e+00
-1.150000e+01 6.370350e+00
-1.175000e+01 6.253802e+00
-1.125000e+01 6.486311e+00
-1.150000e+01 6.370350e+00
-1.122018e+01 6.500000e+00
-1.125000e+01 6.486311e+00
-1.122018e+01 6.500000e+00
-1.100000e+01 6.587833e+00
-1.075000e+01 6.684622e+00
-1.100000e+01 6.587833e+00
-1.057707e+01 6.750000e+00
-1.075000e+01 6.684622e+00
-1.057707e+01 6.750000e+00
-1.050000e+01 6.776056e+00
-1.025000e+01 6.857975e+00
-1.050000e+01 6.776056e+00
-1.000000e+01 6.936620e+00
-1.025000e+01 6.857975e+00
-9.789007e+00 7.000000e+00
-1.000000e+01 6.936620e+00
-9.789007e+00 7.000000e+00
-9.750000e+00 7.010763e+00
-9.500000e+00 7.075759e+00
-9.750000e+00 7.010763e+00
-9.250000e+00 7.135587e+00
-9.500000e+00 7.075759e+00
-9.000000e+00 7.190421e+00
-9.250000e+00 7.135587e+00
-8.750000e+00 7.240865e+00
-9.000000e+00 7.190421e+00
-8.701745e+00 7.250000e+00
-8.750000e+00 7.240865e+00
-8.701745e+00 7.250000e+00
-8.500000e+00 7.286660e+00
-8.250000e+00 7.328620e+00
-8.500000e+00 7.286660e+00
-8.000000e+00 7.366641e+00
-8.250000e+00 7.328620e+00
-7.750000e+00 7.399728e+00
-8.000000e+00 7.366641e+00
-7.500000e+00 7.427191e+00
-7.750000e+00 7.399728e+00
-7.250000e+00 7.448691e+00
-7.500000e+00 7.427191e+00
-7.000000e+00 7.464140e+00
-7.250000e+00 7.448691e+00
-6.750000e+00 7.473559e+00
-7.000000e+00 7.464140e+00
-6.500000e+00 7.477062e+00
-6.750000e+00 7.473559e+00
-6.250000e+00 7.475004e+00
-6.500000e+00 7.477062e+00
-6.000000e+00 7.467683e+00
-6.250000e+00 7.475004e+00
-4.000000e+00 7.226174e+00
-4.115361e+00 7.250000e+00
-5.750000e+00 7.455428e+00
-6.000000e+00 7.467683e+00
-5.500000e+00 7.438076e+00
-5.750000e+00 7.455428e+00
-5.250000e+00 7.415508e+00
-5.500000e+00 7.438076e+00
-5.000000e+00 7.387990e+00
-5.250000e+00 7.415508e+00
-4.750000e+00 7.356371e+00
-5.000000e+00 7.387990e+00
-4.500000e+00 7.320421e+00
-4.750000e+00 7.356371e+00
-4.250000e+00 7.278219e+00
-4.500000e+00 7.320421e+00
-4.115361e+00 7.250000e+00
-4.250000e+00 7.278219e+00
0.000000e+00 4.007913e+00
-1.151222e-01 4.250000e+00
-2.500000e-01 4.486455e+00
-2.589055e-01 4.500000e+00
-1.151222e-01 4.250000e+00
-2.500000e-01 4.486455e+00
-2.589055e-01 4.500000e+00
-4.221272e-01 4.750000e+00
-5.000000e-01 4.862907e+00
-6.053790e-01 5.000000e+00
-4.221272e-01 4.750000e+00
-5.000000e-01 4.862907e+00
-7.500000e-01 5.180342e+00
-8.129148e-01 5.250000e+00
-6.053790e-01 5.000000e+00
-7.500000e-01 5.180342e+00
-1.000000e+00 5.452158e+00
-1.049487e+00 5.500000e+00
-8.129148e-01 5.250000e+00
-1.000000e+00 5.452158e+00
-1.250000e+00 5.692557e+00
-1.316269e+00 5.750000e+00
-1.049487e+00 5.500000e+00
-1.250000e+00 5.692557e+00
-1.500000e+00 5.908437e+00
-1.617234e+00 6.000000e+00
-1.316269e+00 5.750000e+00
-1.500000e+00 5.908437e+00
-2.250000e+00 6.439042e+00
-2.351418e+00 6.500000e+00
-2.000000e+00 6.279313e+00
-2.250000e+00 6.439042e+00
-2.750000e+00 6.729857e+00
-2.787489e+00 6.750000e+00
-2.500000e+00 6.588307e+00
-2.750000e+00 6.729857e+00
-2.351418e+00 6.500000e+00
-2.500000e+00 6.588307e+00
-3.250000e+00 6.981688e+00
-3.295666e+00 7.000000e+00
-3.000000e+00 6.862036e+00
-3.250000e+00 6.981688e+00
-2.787489e+00 6.750000e+00
-3.000000e+00 6.862036e+00
-3.750000e+00 7.161052e+00
-4.000000e+00 7.226174e+00
-3.500000e+00 7.080784e+00
-3.750000e+00 7.161052e+00
-3.295666e+00 7.000000e+00
-3.500000e+00 7.080784e+00
-1.750000e+00 6.102877e+00
-1.958267e+00 6.250000e+00
-1.617234e+00 6.000000e+00
-1.750000e+00 6.102877e+00
-1.958267e+00 6.250000e+00
-2.000000e+00 6.279313e+00
5.000000e-01 3.011543e+00
4.702559e-01 3.125000e+00
5.028424e-01 3.000000e+00
5.000000e-01 3.011543e+00
4.702559e-01 3.125000e+00
4.240525e-01 3.250000e+00
3.750000e-01 3.360798e+00
3.681496e-01 3.375000e+00
4.240525e-01 3.250000e+00
3.750000e-01 3.360798e+00
3.681496e-01 3.375000e+00
3.048187e-01 3.500000e+00
2.500000e-01 3.601202e+00
2.361454e-01 3.625000e+00
3.048187e-01 3.500000e+00
2.500000e-01 3.601202e+00
2.361454e-01 3.625000e+00
1.639645e-01 3.750000e+00
1.250000e-01 3.818692e+00
9.043342e-02 3.875000e+00
1.639645e-01 3.750000e+00
1.250000e-01 3.818692e+00
9.043342e-02 3.875000e+00
3.120017e-03 4.000000e+00
3.447109e-03 4.000000e+00
0.000000e+00 4.007913e+00
5.028424e-01 -3.000000e+00
5.156717e-01 -2.875000e+00
5.156717e-01 -2.875000e+00
5.069587e-01 -2.750000e+00
5.000000e-01 -2.720369e+00
4.805768e-01 -2.625000e+00
5.069587e-01 -2.750000e+00
5.000000e-01 -2.720369e+00
4.805768e-01 -2.625000e+00
4.435059e-01 -2.500000e+00
4.435059e-01 -2.500000e+00
4.701481e-01 -2.375000e+00
4.701481e-01 -2.375000e+00
5.000000e-01 -2.345148e+00
6.250000e-01 -2.340173e+00
5.000000e-01 -2.345148e+00
7.500000e-01 -2.331023e+00
6.250000e-01 -2.340173e+00
8.750000e-01 -2.323952e+00
7.500000e-01 -2.331023e+00
9.437062e-01 -2.250000e+00
8.750000e-01 -2.323952e+00
9.437062e-01 -2.250000e+00
1.000000e+00 -2.193706e+00
1.125000e+00 -2.192538e+00
1.000000e+00 -2.193706e+00
1.191693e+00 -2.125000e+00
1.125000e+00 -2.192538e+00
1.191693e+00 -2.125000e+00
1.250000e+00 -2.066693e+00
1.317574e+00 -2.000000e+00
1.250000e+00 -2.066693e+00
1.317574e+00 -2.000000e+00
1.375000e+00 -1.942574e+00
1.500000e+00 -1.942722e+00
1.375000e+00 -1.942574e+00
1.569595e+00 -1.875000e+00
1.500000e+00 -1.942722e+00
1.569595e+00 -1.875000e+00
1.625000e+00 -1.819595e+00
1.698272e+00 -1.750000e+00
1.625000e+00 -1.819595e+00
1.698272e+00 -1.750000e+00
1.750000e+00 -1.698272e+00
1.827122e+00 -1.625000e+00
1.750000e+00 -1.698272e+00
1.827122e+00 -1.625000e+00
1.875000e+00 -1.577122e+00
1.956700e+00 -1.500000e+00
1.875000e+00 -1.577122e+00
1.956700e+00 -1.500000e+00
1.957033e+00 -1.375000e+00
1.957033e+00 -1.375000e+00
2.000000e+00 -1.332033e+00
2.081448e+00 -1.250000e+00
2.000000e+00 -1.332033e+00
2.081448e+00 -1.250000e+00
2.125000e+00 -1.206448e+00
2.207739e+00 -1.125000e+00
2.125000e+00 -1.206448e+00
2.207739e+00 -1.125000e+00
2.209365e+00 -1.000000e+00
2.209365e+00 -1.000000e+00
2.250000e+00 -9.593654e-01
2.333918e+00 -8.750000e-01
2.250000e+00 -9.593654e-01
2.333918e+00 -8.750000e-01
2.334310e+00 -7.500000e-01
2.334310e+00 -7.500000e-01
2.334538e+00 -6.250000e-01
2.334538e+00 -6.250000e-01
2.334611e+00 -5.000000e-01
2.334611e+00 -5.000000e-01
2.375000e+00 -4.596105e-01
2.459884e+00 -3.750000e-01
2.375000e+00 -4.596105e-01
2.459884e+00 -3.750000e-01
2.459970e+00 -2.500000e-01
2.459970e+00 -2.500000e-01
2.460010e+00 -1.250000e-01
2.460010e+00 -1.250000e-01
2.460020e+00 0.000000e+00
2.000000e+00 1.332033e+00
1.957033e+00 1.375000e+00
1.957033e+00 1.375000e+00
1.956700e+00 1.500000e+00
1.875000e+00 1.577122e+00
1.827122e+00 1.625000e+00
1.956700e+00 1.500000e+00
1.875000e+00 1.577122e+00
1.750000e+00 1.698272e+00
1.698272e+00 1.750000e+00
1.827122e+00 1.625000e+00
1.750000e+00 1.698272e+00
1.625000e+00 1.819595e+00
1.569595e+00 1.875000e+00
1.698272e+00 1.750000e+00
1.625000e+00 1.819595e+00
1.375000e+00 1.942574e+00
1.317574e+00 2.000000e+00
1.500000e+00 1.942722e+00
1.375000e+00 1.942574e+00
1.569595e+00 1.875000e+00
1.500000e+00 1.942722e+00
2.460020e+00 0.000000e+00
2.460010e+00 1.250000e-01
2.460010e+00 1.250000e-01
2.459970e+00 2.500000e-01
2.459970e+00 2.500000e-01
2.459884e+00 3.750000e-01
2.375000e+00 4.596105e-01
2.334611e+00 5.000000e-01
2.459884e+00 3.750000e-01
2.375000e+00 4.596105e-01
2.334611e+00 5.000000e-01
2.334538e+00 6.250000e-01
2.334538e+00 6.250000e-01
2.334310e+00 7.500000e-01
2.334310e+00 7.500000e-01
2.333918e+00 8.750000e-01
2.250000e+00 9.593654e-01
2.209365e+00 1.000000e+00
2.333918e+00 8.750000e-01
2.250000e+00 9.593654e-01
2.209365e+00 1.000000e+00
2.207739e+00 1.125000e+00
2.125000e+00 1.206448e+00
2.081448e+00 1.250000e+00
2.207739e+00 1.125000e+00
2.125000e+00 1.206448e+00
2.081448e+00 1.250000e+00
2.000000e+00 1.332033e+00
1.000000e+00 2.193706e+00
9.437062e-01 2.250000e+00
5.000000e-01 2.345148e+00
4.701481e-01 2.375000e+00
6.250000e-01 2.340173e+00
5.000000e-01 2.345148e+00
7.500000e-01 2.331023e+00
6.250000e-01 2.340173e+00
8.750000e-01 2.323952e+00
7.500000e-01 2.331023e+00
9.437062e-01 2.250000e+00
8.750000e-01 2.323952e+00
4.701481e-01 2.375000e+00
4.435059e-01 2.500000e+00
4.435059e-01 2.500000e+00
4.805768e-01 2.625000e+00
4.805768e-01 2.625000e+00
5.000000e-01 2.720369e+00
5.069587e-01 2.750000e+00
5.000000e-01 2.720369e+00
5.069587e-01 2.750000e+00
5.156717e-01 2.875000e+00
5.156717e-01 2.875000e+00
5.028424e-01 3.000000e+00
1.250000e+00 2.066693e+00
1.191693e+00 2.125000e+00
1.317574e+00 2.000000e+00
1.250000e+00 2.066693e+00
1.125000e+00 2.192538e+00
1.000000e+00 2.193706e+00
1.191693e+00 2.125000e+00
1.125000e+00 2.192538e+00
