# rho
-3.500000e+01 -1.134807e+00
-3.543002e+01 -1.000000e+00
-3.400000e+01 -1.437485e+00
-3.500000e+01 -1.134807e+00
-3.300000e+01 -1.717432e+00
-3.400000e+01 -1.437485e+00
-3.200000e+01 -1.878419e+00
-3.300000e+01 -1.717432e+00
-3.600000e+01 -4.127695e-01
-3.639893e+01 0.000000e+00
-3.543002e+01 -1.000000e+00
-3.600000e+01 -4.127695e-01
-2.050000e+01 -8.137586e+00
-2.080595e+01 -8.000000e+00
-2.000000e+01 -8.336842e+00
-2.050000e+01 -8.137586e+00
-1.700000e+01 -9.603287e+00
-1.725972e+01 -9.500000e+00
-1.650000e+01 -9.793422e+00
-1.700000e+01 -9.603287e+00
-1.600000e+01 -9.971613e+00
-1.650000e+01 -9.793422e+00
-1.800000e+01 -9.199699e+00
-1.846133e+01 -9.000000e+00
-1.750000e+01 -9.405239e+00
-1.800000e+01 -9.199699e+00
-1.725972e+01 -9.500000e+00
-1.750000e+01 -9.405239e+00
-1.950000e+01 -8.558779e+00
-1.963796e+01 -8.500000e+00
-1.900000e+01 -8.774446e+00
-1.950000e+01 -8.558779e+00
-1.850000e+01 -8.983888e+00
-1.900000e+01 -8.774446e+00
-1.846133e+01 -9.000000e+00
-1.850000e+01 -8.983888e+00
-1.963796e+01 -8.500000e+00
-2.000000e+01 -8.336842e+00
-2.850000e+01 -4.135593e+00
-2.873482e+01 -4.000000e+00
-2.800000e+01 -4.409784e+00
-2.850000e+01 -4.135593e+00
-2.450000e+01 -6.171695e+00
-2.483336e+01 -6.000000e+00
-2.400000e+01 -6.420159e+00
-2.450000e+01 -6.171695e+00
-2.550000e+01 -5.672506e+00
-2.583936e+01 -5.500000e+00
-2.500000e+01 -5.919254e+00
-2.550000e+01 -5.672506e+00
-2.483336e+01 -6.000000e+00
-2.500000e+01 -5.919254e+00
-2.650000e+01 -5.175730e+00
-2.684661e+01 -5.000000e+00
-2.600000e+01 -5.421848e+00
-2.650000e+01 -5.175730e+00
-2.583936e+01 -5.500000e+00
-2.600000e+01 -5.421848e+00
-2.750000e+01 -4.672385e+00
-2.782961e+01 -4.500000e+00
-2.700000e+01 -4.924071e+00
-2.750000e+01 -4.672385e+00
-2.684661e+01 -5.000000e+00
-2.700000e+01 -4.924071e+00
-2.782961e+01 -4.500000e+00
-2.800000e+01 -4.409784e+00
-2.900000e+01 -3.830260e+00
-2.945529e+01 -3.500000e+00
-2.873482e+01 -4.000000e+00
-2.900000e+01 -3.830260e+00
-2.950000e+01 -3.457757e+00
-2.988902e+01 -3.000000e+00
-2.945529e+01 -3.500000e+00
-2.950000e+01 -3.457757e+00
-3.000000e+01 -2.829398e+00
-3.024130e+01 -2.500000e+00
-2.988902e+01 -3.000000e+00
-3.000000e+01 -2.829398e+00
-3.050000e+01 -2.212906e+00
-3.093019e+01 -2.000000e+00
-3.024130e+01 -2.500000e+00
-3.050000e+01 -2.212906e+00
-3.150000e+01 -1.918348e+00
-3.200000e+01 -1.890695e+00
-3.100000e+01 -1.975426e+00
-3.150000e+01 -1.918348e+00
-3.093019e+01 -2.000000e+00
-3.100000e+01 -1.975426e+00
-2.150000e+01 -7.677785e+00
-2.185667e+01 -7.500000e+00
-2.100000e+01 -7.913179e+00
-2.150000e+01 -7.677785e+00
-2.080595e+01 -8.000000e+00
-2.100000e+01 -7.913179e+00
-2.250000e+01 -7.179557e+00
-2.284646e+01 -7.000000e+00
-2.200000e+01 -7.429895e+00
-2.250000e+01 -7.179557e+00
-2.185667e+01 -7.500000e+00
-2.200000e+01 -7.429895e+00
-2.350000e+01 -6.673922e+00
-2.383547e+01 -6.500000e+00
-2.300000e+01 -6.924422e+00
-2.350000e+01 -6.673922e+00
-2.284646e+01 -7.000000e+00
-2.300000e+01 -6.924422e+00
-2.383547e+01 -6.500000e+00
-2.400000e+01 -6.420159e+00
-1.400000e+01 -1.057911e+01
-1.429818e+01 -1.050000e+01
-1.350000e+01 -1.070107e+01
-1.400000e+01 -1.057911e+01
-1.300000e+01 -1.081059e+01
-1.350000e+01 -1.070107e+01
-1.250000e+01 -1.090874e+01
-1.300000e+01 -1.081059e+01
-1.200000e+01 -1.099712e+01
-1.250000e+01 -1.090874e+01
-1.550000e+01 -1.014084e+01
-1.591734e+01 -1.000000e+01
-1.500000e+01 -1.029872e+01
-1.550000e+01 -1.014084e+01
-1.450000e+01 -1.044475e+01
-1.500000e+01 -1.029872e+01
-1.429818e+01 -1.050000e+01
-1.450000e+01 -1.044475e+01
-1.591734e+01 -1.000000e+01
-1.600000e+01 -9.971613e+00
-1.150000e+01 -1.107693e+01
-1.198228e+01 -1.100000e+01
-1.100000e+01 -1.114576e+01
-1.150000e+01 -1.107693e+01
-1.050000e+01 -1.120219e+01
-1.100000e+01 -1.114576e+01
-1.000000e+01 -1.124520e+01
-1.050000e+01 -1.120219e+01
-9.500000e+00 -1.127425e+01
-1.000000e+01 -1.124520e+01
-9.000000e+00 -1.128920e+01
-9.500000e+00 -1.127425e+01
-8.500000e+00 -1.129020e+01
-9.000000e+00 -1.128920e+01
-8.000000e+00 -1.127760e+01
-8.500000e+00 -1.129020e+01
-1.198228e+01 -1.100000e+01
-1.200000e+01 -1.099712e+01
-7.500000e+00 -1.125175e+01
-8.000000e+00 -1.127760e+01
-7.000000e+00 -1.121253e+01
-7.500000e+00 -1.125175e+01
-6.500000e+00 -1.115909e+01
-7.000000e+00 -1.121253e+01
-6.000000e+00 -1.109009e+01
-6.500000e+00 -1.115909e+01
-5.500000e+00 -1.100325e+01
-6.000000e+00 -1.109009e+01
-5.485143e+00 -1.100000e+01
-5.500000e+00 -1.100325e+01
-5.485143e+00 -1.100000e+01
-5.000000e+00 -1.089863e+01
-4.500000e+00 -1.077092e+01
-5.000000e+00 -1.089863e+01
-4.000000e+00 -1.061700e+01
-4.500000e+00 -1.077092e+01
-3.680389e+00 -1.050000e+01
-4.000000e+00 -1.061700e+01
-3.680389e+00 -1.050000e+01
-3.500000e+00 -1.043661e+01
-3.000000e+00 -1.023402e+01
-3.500000e+00 -1.043661e+01
-2.500000e+00 -1.000035e+01
-3.000000e+00 -1.023402e+01
-2.499329e+00 -1.000000e+01
-2.500000e+00 -1.000035e+01
-2.499329e+00 -1.000000e+01
-2.000000e+00 -9.747654e+00
-1.569562e+00 -9.500000e+00
-2.000000e+00 -9.747654e+00
-1.569562e+00 -9.500000e+00
-1.500000e+00 -9.461833e+00
-1.000000e+00 -9.157431e+00
-1.500000e+00 -9.461833e+00
-7.705395e-01 -9.000000e+00
-1.000000e+00 -9.157431e+00
-7.705395e-01 -9.000000e+00
-5.000000e-01 -8.825229e+00
-5.632458e-02 -8.500000e+00
-5.000000e-01 -8.825229e+00
-5.632458e-02 -8.500000e+00
0.000000e+00 -8.456106e+00
5.000000e-01 -8.013562e+00
0.000000e+00 -8.456106e+00
5.135599e-01 -8.000000e+00
5.000000e-01 -8.013562e+00
5.124263e-01 -8.000000e+00
7.500000e-01 -7.834737e+00
8.720975e-01 -7.750000e+00
7.500000e-01 -7.834737e+00
8.720975e-01 -7.750000e+00
1.000000e+00 -7.617432e+00
1.106229e+00 -7.500000e+00
1.000000e+00 -7.617432e+00
1.106229e+00 -7.500000e+00
1.250000e+00 -7.329910e+00
1.313682e+00 -7.250000e+00
1.250000e+00 -7.329910e+00
1.313682e+00 -7.250000e+00
1.498786e+00 -7.000000e+00
1.498786e+00 -7.000000e+00
1.500000e+00 -6.998257e+00
1.659985e+00 -6.750000e+00
1.500000e+00 -6.998257e+00
1.659985e+00 -6.750000e+00
1.750000e+00 -6.593260e+00
1.799129e+00 -6.500000e+00
1.750000e+00 -6.593260e+00
1.799129e+00 -6.500000e+00
1.916249e+00 -6.250000e+00
1.916249e+00 -6.250000e+00
2.000000e+00 -6.046595e+00
2.017981e+00 -6.000000e+00
2.000000e+00 -6.046595e+00
2.017981e+00 -6.000000e+00
2.108272e+00 -5.750000e+00
2.108272e+00 -5.750000e+00
2.188034e+00 -5.500000e+00
2.188034e+00 -5.500000e+00
2.250000e+00 -5.261673e+00
2.252858e+00 -5.250000e+00
2.250000e+00 -5.261673e+00
2.252858e+00 -5.250000e+00
2.298372e+00 -5.000000e+00
2.298372e+00 -5.000000e+00
2.324062e+00 -4.750000e+00
2.324062e+00 -4.750000e+00
2.331675e+00 -4.500000e+00
2.331675e+00 -4.500000e+00
2.324752e+00 -4.250000e+00
2.324752e+00 -4.250000e+00
2.315394e+00 -4.000000e+00
2.311398e+00 -4.000000e+00
2.302287e+00 -3.875000e+00
2.302287e+00 -3.875000e+00
2.285251e+00 -3.750000e+00
2.285251e+00 -3.750000e+00
2.266268e+00 -3.625000e+00
2.266268e+00 -3.625000e+00
2.251240e+00 -3.500000e+00
2.251240e+00 -3.500000e+00
2.255927e+00 -3.375000e+00
2.255927e+00 -3.375000e+00
2.299960e+00 -3.250000e+00
2.299960e+00 -3.250000e+00
2.375000e+00 -3.141463e+00
2.389461e+00 -3.125000e+00
2.375000e+00 -3.141463e+00
2.389461e+00 -3.125000e+00
2.500000e+00 -3.026952e+00
2.539919e+00 -3.000000e+00
2.500000e+00 -3.026952e+00
2.539919e+00 -3.000000e+00
2.625000e+00 -2.958476e+00
2.750000e+00 -2.917720e+00
2.625000e+00 -2.958476e+00
2.875000e+00 -2.892588e+00
2.750000e+00 -2.917720e+00
3.000000e+00 -2.878870e+00
2.875000e+00 -2.892588e+00
3.068251e+00 -2.875000e+00
3.000000e+00 -2.878870e+00
3.068251e+00 -2.875000e+00
3.125000e+00 -2.872238e+00
3.250000e+00 -2.866499e+00
3.125000e+00 -2.872238e+00
3.375000e+00 -2.857706e+00
3.250000e+00 -2.866499e+00
3.500000e+00 -2.843981e+00
3.375000e+00 -2.857706e+00
3.625000e+00 -2.824632e+00
3.500000e+00 -2.843981e+00
3.750000e+00 -2.800007e+00
3.625000e+00 -2.824632e+00
3.875000e+00 -2.770575e+00
3.750000e+00 -2.800007e+00
3.940527e+00 -2.750000e+00
3.875000e+00 -2.770575e+00
3.940527e+00 -2.750000e+00
4.000000e+00 -2.728274e+00
4.250000e+00 -2.669825e+00
4.000000e+00 -2.728371e+00
4.500000e+00 -2.599217e+00
4.250000e+00 -2.669825e+00
4.750000e+00 -2.516064e+00
4.500000e+00 -2.599217e+00
4.794469e+00 -2.500000e+00
4.750000e+00 -2.516064e+00
4.794469e+00 -2.500000e+00
5.000000e+00 -2.404483e+00
5.250000e+00 -2.268009e+00
5.000000e+00 -2.404483e+00
5.279088e+00 -2.250000e+00
5.250000e+00 -2.268009e+00
5.279088e+00 -2.250000e+00
5.500000e+00 -2.068008e+00
5.572285e+00 -2.000000e+00
5.500000e+00 -2.068008e+00
-3.639893e+01 0.000000e+00
-3.600000e+01 4.127695e-01
-3.543002e+01 1.000000e+00
-3.600000e+01 4.127695e-01
-3.543002e+01 1.000000e+00
-3.500000e+01 1.134807e+00
-3.400000e+01 1.437485e+00
-3.500000e+01 1.134807e+00
-3.300000e+01 1.717432e+00
-3.400000e+01 1.437485e+00
-3.200000e+01 1.878419e+00
-3.300000e+01 1.717432e+00
-3.150000e+01 1.918348e+00
-3.200000e+01 1.890695e+00
-3.100000e+01 1.975426e+00
-3.150000e+01 1.918348e+00
-3.093019e+01 2.000000e+00
-3.100000e+01 1.975426e+00
-3.093019e+01 2.000000e+00
-3.050000e+01 2.212906e+00
-3.024130e+01 2.500000e+00
-3.050000e+01 2.212906e+00
-3.024130e+01 2.500000e+00
-3.000000e+01 2.829398e+00
-2.988902e+01 3.000000e+00
-3.000000e+01 2.829398e+00
-2.988902e+01 3.000000e+00
-2.950000e+01 3.457757e+00
-2.945529e+01 3.500000e+00
-2.950000e+01 3.457757e+00
-2.945529e+01 3.500000e+00
-2.900000e+01 3.830260e+00
-2.873482e+01 4.000000e+00
-2.900000e+01 3.830260e+00
-2.873482e+01 4.000000e+00
-2.850000e+01 4.135593e+00
-2.800000e+01 4.409784e+00
-2.850000e+01 4.135593e+00
-2.782961e+01 4.500000e+00
-2.800000e+01 4.409784e+00
-2.782961e+01 4.500000e+00
-2.750000e+01 4.672385e+00
-2.700000e+01 4.924071e+00
-2.750000e+01 4.672385e+00
-2.684661e+01 5.000000e+00
-2.700000e+01 4.924071e+00
-2.684661e+01 5.000000e+00
-2.650000e+01 5.175730e+00
-2.600000e+01 5.421848e+00
-2.650000e+01 5.175730e+00
-2.583936e+01 5.500000e+00
-2.600000e+01 5.421848e+00
-2.583936e+01 5.500000e+00
-2.550000e+01 5.672506e+00
-2.500000e+01 5.919254e+00
-2.550000e+01 5.672506e+00
-2.483336e+01 6.000000e+00
-2.500000e+01 5.919254e+00
-2.483336e+01 6.000000e+00
-2.450000e+01 6.171695e+00
-2.400000e+01 6.420159e+00
-2.450000e+01 6.171695e+00
-2.383547e+01 6.500000e+00
-2.400000e+01 6.420159e+00
-2.383547e+01 6.500000e+00
-2.350000e+01 6.673922e+00
-2.300000e+01 6.924422e+00
-2.350000e+01 6.673922e+00
-2.284646e+01 7.000000e+00
-2.300000e+01 6.924422e+00
-2.284646e+01 7.000000e+00
-2.250000e+01 7.179557e+00
-2.200000e+01 7.429895e+00
-2.250000e+01 7.179557e+00
-2.185667e+01 7.500000e+00
-2.200000e+01 7.429895e+00
-2.185667e+01 7.500000e+00
-2.150000e+01 7.677785e+00
-2.100000e+01 7.913179e+00
-2.150000e+01 7.677785e+00
-2.080595e+01 8.000000e+00
-2.100000e+01 7.913179e+00
-2.080595e+01 8.000000e+00
-2.050000e+01 8.137586e+00
-2.000000e+01 8.336842e+00
-2.050000e+01 8.137586e+00
-1.963796e+01 8.500000e+00
-2.000000e+01 8.336842e+00
-1.963796e+01 8.500000e+00
-1.950000e+01 8.558779e+00
-1.900000e+01 8.774446e+00
-1.950000e+01 8.558779e+00
-1.850000e+01 8.983888e+00
-1.900000e+01 8.774446e+00
-1.846133e+01 9.000000e+00
-1.850000e+01 8.983888e+00
-1.846133e+01 9.000000e+00
-1.800000e+01 9.199699e+00
-1.750000e+01 9.405239e+00
-1.800000e+01 9.199699e+00
-1.725972e+01 9.500000e+00
-1.750000e+01 9.405239e+00
-1.725972e+01 9.500000e+00
-1.700000e+01 9.603287e+00
-1.650000e+01 9.793422e+00
-1.700000e+01 9.603287e+00
-1.600000e+01 9.971613e+00
-1.650000e+01 9.793422e+00
-1.591734e+01 1.000000e+01
-1.600000e+01 9.971613e+00
-1.591734e+01 1.000000e+01
-1.550000e+01 1.014084e+01
-1.500000e+01 1.029872e+01
-1.550000e+01 1.014084e+01
-1.450000e+01 1.044475e+01
-1.500000e+01 1.029872e+01
-1.429818e+01 1.050000e+01
-1.450000e+01 1.044475e+01
-1.429818e+01 1.050000e+01
-1.400000e+01 1.057911e+01
-1.350000e+01 1.070107e+01
-1.400000e+01 1.057911e+01
-1.300000e+01 1.081059e+01
-1.350000e+01 1.070107e+01
-1.250000e+01 1.090874e+01
-1.300000e+01 1.081059e+01
-1.200000e+01 1.099712e+01
-1.250000e+01 1.090874e+01
2.625000e+00 2.958476e+00
2.539919e+00 3.000000e+00
2.750000e+00 2.917720e+00
2.625000e+00 2.958476e+00
2.875000e+00 2.892588e+00
2.750000e+00 2.917720e+00
3.000000e+00 2.878870e+00
2.875000e+00 2.892588e+00
4.000000e+00 2.728274e+00
3.940527e+00 2.750000e+00
3.125000e+00 2.872238e+00
3.068251e+00 2.875000e+00
3.250000e+00 2.866499e+00
3.125000e+00 2.872238e+00
3.375000e+00 2.857706e+00
3.250000e+00 2.866499e+00
3.500000e+00 2.843981e+00
3.375000e+00 2.857706e+00
3.625000e+00 2.824632e+00
3.500000e+00 2.843981e+00
3.750000e+00 2.800007e+00
3.625000e+00 2.824632e+00
3.875000e+00 2.770575e+00
3.750000e+00 2.800007e+00
3.940527e+00 2.750000e+00
3.875000e+00 2.770575e+00
3.068251e+00 2.875000e+00
3.000000e+00 2.878870e+00
2.500000e+00 3.026952e+00
2.389461e+00 3.125000e+00
2.539919e+00 3.000000e+00
2.500000e+00 3.026952e+00
2.375000e+00 3.141463e+00
2.299960e+00 3.250000e+00
2.389461e+00 3.125000e+00
2.375000e+00 3.141463e+00
2.299960e+00 3.250000e+00
2.255927e+00 3.375000e+00
2.255927e+00 3.375000e+00
2.251240e+00 3.500000e+00
2.251240e+00 3.500000e+00
2.266268e+00 3.625000e+00
2.266268e+00 3.625000e+00
2.285251e+00 3.750000e+00
2.285251e+00 3.750000e+00
2.302287e+00 3.875000e+00
2.302287e+00 3.875000e+00
2.311398e+00 4.000000e+00
6.000000e+00 1.078298e+00
5.963501e+00 1.250000e+00
5.963501e+00 1.250000e+00
5.882256e+00 1.500000e+00
5.882256e+00 1.500000e+00
5.760710e+00 1.750000e+00
5.750000e+00 1.765552e+00
5.572285e+00 2.000000e+00
5.760710e+00 1.750000e+00
5.750000e+00 1.765552e+00
6.082673e+00 0.000000e+00
6.080066e+00 2.500000e-01
6.080066e+00 2.500000e-01
6.070335e+00 5.000000e-01
6.070335e+00 5.000000e-01
6.050148e+00 7.500000e-01
6.050148e+00 7.500000e-01
6.016328e+00 1.000000e+00
6.016328e+00 1.000000e+00
6.000000e+00 1.078298e+00
5.500000e+00 2.068008e+00
5.279088e+00 2.250000e+00
5.572285e+00 2.000000e+00
5.500000e+00 2.068008e+00
5.000000e+00 2.404483e+00
4.794469e+00 2.500000e+00
5.250000e+00 2.268009e+00
5.000000e+00 2.404483e+00
5.279088e+00 2.250000e+00
5.250000e+00 2.268009e+00
4.250000e+00 2.669825e+00
4.000000e+00 2.728371e+00
4.500000e+00 2.599217e+00
4.250000e+00 2.669825e+00
4.750000e+00 2.516064e+00
4.500000e+00 2.599217e+00
4.794469e+00 2.500000e+00
4.750000e+00 2.516064e+00
2.315394e+00 4.000000e+00
2.324752e+00 4.250000e+00
2.324752e+00 4.250000e+00
2.331675e+00 4.500000e+00
2.331675e+00 4.500000e+00
2.324062e+00 4.750000e+00
2.324062e+00 4.750000e+00
2.298372e+00 5.000000e+00
2.298372e+00 5.000000e+00
2.252858e+00 5.250000e+00
2.250000e+00 5.261673e+00
2.188034e+00 5.500000e+00
2.252858e+00 5.250000e+00
2.250000e+00 5.261673e+00
2.188034e+00 5.500000e+00
2.108272e+00 5.750000e+00
2.108272e+00 5.750000e+00
2.017981e+00 6.000000e+00
2.000000e+00 6.046595e+00
1.916249e+00 6.250000e+00
1.916249e+00 6.250000e+00
1.799129e+00 6.500000e+00
1.750000e+00 6.593260e+00
1.659985e+00 6.750000e+00
1.799129e+00 6.500000e+00
1.750000e+00 6.593260e+00
1.500000e+00 6.998257e+00
1.498786e+00 7.000000e+00
1.659985e+00 6.750000e+00
1.500000e+00 6.998257e+00
1.498786e+00 7.000000e+00
1.313682e+00 7.250000e+00
1.250000e+00 7.329910e+00
1.106229e+00 7.500000e+00
1.313682e+00 7.250000e+00
1.250000e+00 7.329910e+00
1.000000e+00 7.617432e+00
8.720975e-01 7.750000e+00
1.106229e+00 7.500000e+00
1.000000e+00 7.617432e+00
7.500000e-01 7.834737e+00
5.124263e-01 8.000000e+00
8.720975e-01 7.750000e+00
7.500000e-01 7.834737e+00
2.017981e+00 6.000000e+00
2.000000e+00 6.046595e+00
5.572285e+00 -2.000000e+00
5.750000e+00 -1.765552e+00
5.760710e+00 -1.750000e+00
5.750000e+00 -1.765552e+00
5.760710e+00 -1.750000e+00
5.882256e+00 -1.500000e+00
5.882256e+00 -1.500000e+00
5.963501e+00 -1.250000e+00
5.963501e+00 -1.250000e+00
6.000000e+00 -1.078298e+00
6.016328e+00 -1.000000e+00
6.000000e+00 -1.078298e+00
6.016328e+00 -1.000000e+00
6.050148e+00 -7.500000e-01
6.050148e+00 -7.500000e-01
6.070335e+00 -5.000000e-01
6.070335e+00 -5.000000e-01
6.080066e+00 -2.500000e-01
6.080066e+00 -2.500000e-01
6.082673e+00 0.000000e+00
-1.198228e+01 1.100000e+01
-1.200000e+01 1.099712e+01
-1.198228e+01 1.100000e+01
-1.150000e+01 1.107693e+01
-1.100000e+01 1.114576e+01
-1.150000e+01 1.107693e+01
-1.050000e+01 1.120219e+01
-1.100000e+01 1.114576e+01
-1.000000e+01 1.124520e+01
-1.050000e+01 1.120219e+01
-9.500000e+00 1.127425e+01
-1.000000e+01 1.124520e+01
-9.000000e+00 1.128920e+01
-9.500000e+00 1.127425e+01
-8.500000e+00 1.129020e+01
-9.000000e+00 1.128920e+01
-8.000000e+00 1.127760e+01
-8.500000e+00 1.129020e+01
-5.000000e+00 1.089863e+01
-5.485143e+00 1.100000e+01
-4.500000e+00 1.077092e+01
-5.000000e+00 1.089863e+01
-4.000000e+00 1.061700e+01
-4.500000e+00 1.077092e+01
-7.500000e+00 1.125175e+01
-8.000000e+00 1.127760e+01
-7.000000e+00 1.121253e+01
-7.500000e+00 1.125175e+01
-6.500000e+00 1.115909e+01
-7.000000e+00 1.121253e+01
-6.000000e+00 1.109009e+01
-6.500000e+00 1.115909e+01
-5.500000e+00 1.100325e+01
-6.000000e+00 1.109009e+01
-5.485143e+00 1.100000e+01
-5.500000e+00 1.100325e+01
0.000000e+00 8.456106e+00
-5.632458e-02 8.500000e+00
-5.000000e-01 8.825229e+00
-7.705395e-01 9.000000e+00
-5.632458e-02 8.500000e+00
-5.000000e-01 8.825229e+00
-1.500000e+00 9.461833e+00
-1.569562e+00 9.500000e+00
-1.000000e+00 9.157431e+00
-1.500000e+00 9.461833e+00
-7.705395e-01 9.000000e+00
-1.000000e+00 9.157431e+00
-2.000000e+00 9.747654e+00
-2.499329e+00 1.000000e+01
-1.569562e+00 9.500000e+00
-2.000000e+00 9.747654e+00
-3.500000e+00 1.043661e+01
-3.680389e+00 1.050000e+01
-3.000000e+00 1.023402e+01
-3.500000e+00 1.043661e+01
-2.500000e+00 1.000035e+01
-3.000000e+00 1.023402e+01
-2.499329e+00 1.000000e+01
-2.500000e+00 1.000035e+01
-3.680389e+00 1.050000e+01
-4.000000e+00 1.061700e+01
5.000000e-01 8.013562e+00
0.000000e+00 8.456106e+00
5.135599e-01 8.000000e+00
5.000000e-01 8.013562e+00
