# pressure
-1.600000e+02 -5.092412e+00
-1.623475e+02 0.000000e+00
-1.560000e+02 -9.283072e+00
-1.591176e+02 -8.000000e+00
-1.520000e+02 -9.316146e+00
-1.560000e+02 -9.283072e+00
-1.480000e+02 -9.357737e+00
-1.520000e+02 -9.316146e+00
-1.440000e+02 -9.378726e+00
-1.480000e+02 -9.357737e+00
-1.400000e+02 -9.353077e+00
-1.440000e+02 -9.378726e+00
-1.360000e+02 -9.263109e+00
-1.400000e+02 -9.353077e+00
-1.320000e+02 -9.066697e+00
-1.360000e+02 -9.263109e+00
-1.280000e+02 -8.573610e+00
-1.320000e+02 -9.066697e+00
-1.591176e+02 -8.000000e+00
-1.600000e+02 -5.618901e+00
-1.260000e+02 -8.006539e+00
-1.280000e+02 -8.808955e+00
-1.258988e+02 -8.000000e+00
-1.260000e+02 -8.006539e+00
-1.258988e+02 -8.000000e+00
-1.240000e+02 -7.850936e+00
-1.220000e+02 -7.759822e+00
-1.240000e+02 -7.850936e+00
-1.200000e+02 -7.667454e+00
-1.220000e+02 -7.759822e+00
-1.180000e+02 -7.559183e+00
-1.200000e+02 -7.667454e+00
-1.160000e+02 -7.423869e+00
-1.180000e+02 -7.559183e+00
-1.140000e+02 -7.250655e+00
-1.160000e+02 -7.423869e+00
-1.120000e+02 -6.948704e+00
-1.140000e+02 -7.250655e+00
-1.114445e+02 -7.000000e+00
-1.120000e+02 -7.192374e+00
-1.114445e+02 -7.000000e+00
-1.110000e+02 -6.803020e+00
-1.100000e+02 -6.786122e+00
-1.110000e+02 -6.803020e+00
-1.090000e+02 -6.790297e+00
-1.100000e+02 -6.786122e+00
-1.080000e+02 -6.798082e+00
-1.090000e+02 -6.790297e+00
-1.070000e+02 -6.807038e+00
-1.080000e+02 -6.798082e+00
-1.060000e+02 -6.816567e+00
-1.070000e+02 -6.807038e+00
-1.050000e+02 -6.826397e+00
-1.060000e+02 -6.816567e+00
-1.040000e+02 -6.836601e+00
-1.050000e+02 -6.826397e+00
-1.030000e+02 -6.847300e+00
-1.040000e+02 -6.836601e+00
-1.020000e+02 -6.858589e+00
-1.030000e+02 -6.847300e+00
-1.010000e+02 -6.870515e+00
-1.020000e+02 -6.858589e+00
-1.000000e+02 -6.883057e+00
-1.010000e+02 -6.870515e+00
-9.900000e+01 -6.896164e+00
-1.000000e+02 -6.883057e+00
-9.800000e+01 -6.909828e+00
-9.900000e+01 -6.896164e+00
-9.700000e+01 -6.924092e+00
-9.800000e+01 -6.909828e+00
-9.600000e+01 -6.938938e+00
-9.700000e+01 -6.924092e+00
-9.200000e+01 -7.002938e+00
-9.218537e+01 -7.000000e+00
-9.100000e+01 -7.019341e+00
-9.200000e+01 -7.002938e+00
-9.000000e+01 -7.036452e+00
-9.100000e+01 -7.019341e+00
-8.900000e+01 -7.054328e+00
-9.000000e+01 -7.036452e+00
-8.800000e+01 -7.072973e+00
-8.900000e+01 -7.054328e+00
-9.500000e+01 -6.954298e+00
-9.600000e+01 -6.938938e+00
-9.400000e+01 -6.970123e+00
-9.500000e+01 -6.954298e+00
-9.300000e+01 -6.986377e+00
-9.400000e+01 -6.970123e+00
-9.218537e+01 -7.000000e+00
-9.300000e+01 -6.986377e+00
-8.700000e+01 -7.092420e+00
-8.800000e+01 -7.072973e+00
-8.600000e+01 -7.112725e+00
-8.700000e+01 -7.092420e+00
-8.500000e+01 -7.133921e+00
-8.600000e+01 -7.112725e+00
-8.400000e+01 -7.156033e+00
-8.500000e+01 -7.133921e+00
-8.300000e+01 -7.179085e+00
-8.400000e+01 -7.156033e+00
-8.200000e+01 -7.203130e+00
-8.300000e+01 -7.179085e+00
-8.100000e+01 -7.228222e+00
-8.200000e+01 -7.203130e+00
-8.000000e+01 -7.254421e+00
-8.100000e+01 -7.228222e+00
-7.900000e+01 -7.281763e+00
-8.000000e+01 -7.254421e+00
-7.800000e+01 -7.310267e+00
-7.900000e+01 -7.281763e+00
-7.700000e+01 -7.339947e+00
-7.800000e+01 -7.310267e+00
-7.600000e+01 -7.370817e+00
-7.700000e+01 -7.339947e+00
-7.500000e+01 -7.402892e+00
-7.600000e+01 -7.370817e+00
-7.400000e+01 -7.436166e+00
-7.500000e+01 -7.402892e+00
-7.300000e+01 -7.470630e+00
-7.400000e+01 -7.436166e+00
-7.200000e+01 -7.506283e+00
-7.300000e+01 -7.470630e+00
-7.100000e+01 -7.543132e+00
-7.200000e+01 -7.506283e+00
-7.000000e+01 -7.581189e+00
-7.100000e+01 -7.543132e+00
-6.900000e+01 -7.620450e+00
-7.000000e+01 -7.581189e+00
-6.800000e+01 -7.660884e+00
-6.900000e+01 -7.620450e+00
-6.700000e+01 -7.702428e+00
-6.800000e+01 -7.660884e+00
-6.600000e+01 -7.744998e+00
-6.700000e+01 -7.702428e+00
-6.500000e+01 -7.788498e+00
-6.600000e+01 -7.744998e+00
-6.400000e+01 -7.832837e+00
-6.500000e+01 -7.788498e+00
-6.000000e+01 -8.017768e+00
-6.038144e+01 -8.000000e+00
-5.900000e+01 -8.064435e+00
-6.000000e+01 -8.017768e+00
-5.800000e+01 -8.110973e+00
-5.900000e+01 -8.064435e+00
-5.700000e+01 -8.157151e+00
-5.800000e+01 -8.110973e+00
-5.600000e+01 -8.202638e+00
-5.700000e+01 -8.157151e+00
-5.500000e+01 -8.247068e+00
-5.600000e+01 -8.202638e+00
-5.400000e+01 -8.290082e+00
-5.500000e+01 -8.247068e+00
-5.300000e+01 -8.331293e+00
-5.400000e+01 -8.290082e+00
-5.200000e+01 -8.370261e+00
-5.300000e+01 -8.331293e+00
-5.100000e+01 -8.406463e+00
-5.200000e+01 -8.370261e+00
-5.000000e+01 -8.439327e+00
-5.100000e+01 -8.406463e+00
-4.900000e+01 -8.468431e+00
-5.000000e+01 -8.439327e+00
-4.800000e+01 -8.493741e+00
-4.900000e+01 -8.468431e+00
-6.300000e+01 -7.877977e+00
-6.400000e+01 -7.832837e+00
-6.200000e+01 -7.923925e+00
-6.300000e+01 -7.877977e+00
-6.100000e+01 -7.970669e+00
-6.200000e+01 -7.923925e+00
-6.038144e+01 -8.000000e+00
-6.100000e+01 -7.970669e+00
-4.700000e+01 -8.515793e+00
-4.800000e+01 -8.493741e+00
-4.600000e+01 -8.534957e+00
-4.700000e+01 -8.515793e+00
-4.500000e+01 -8.550320e+00
-4.600000e+01 -8.534957e+00
-4.400000e+01 -8.559963e+00
-4.500000e+01 -8.550320e+00
-4.300000e+01 -8.561840e+00
-4.400000e+01 -8.559963e+00
-4.200000e+01 -8.553937e+00
-4.300000e+01 -8.561840e+00
-4.100000e+01 -8.534011e+00
-4.200000e+01 -8.553937e+00
-4.000000e+01 -8.499427e+00
-4.100000e+01 -8.534011e+00
-3.900000e+01 -8.447152e+00
-4.000000e+01 -8.499427e+00
-3.800000e+01 -8.372881e+00
-3.900000e+01 -8.447152e+00
-3.700000e+01 -8.269357e+00
-3.800000e+01 -8.372881e+00
-3.600000e+01 -8.124328e+00
-3.700000e+01 -8.269357e+00
-3.540078e+01 -8.000000e+00
-3.600000e+01 -8.124328e+00
-3.540078e+01 -8.000000e+00
-3.500000e+01 -7.919844e+00
-3.400000e+01 -7.645092e+00
-3.500000e+01 -7.919844e+00
-3.300000e+01 -7.252657e+00
-3.400000e+01 -7.645092e+00
-3.253669e+01 -7.000000e+00
-3.300000e+01 -7.252657e+00
-3.253669e+01 -7.000000e+00
-3.200000e+01 -6.727027e+00
-3.170199e+01 -6.500000e+00
-3.200000e+01 -6.764952e+00
-3.170199e+01 -6.500000e+00
-3.150000e+01 -6.292865e+00
-3.100000e+01 -6.143138e+00
-3.150000e+01 -6.292865e+00
-3.050000e+01 -6.081041e+00
-3.100000e+01 -6.143138e+00
-3.000000e+01 -6.069203e+00
-3.050000e+01 -6.081041e+00
-2.950000e+01 -6.086269e+00
-3.000000e+01 -6.069203e+00
-2.900000e+01 -6.117684e+00
-2.950000e+01 -6.086269e+00
-2.850000e+01 -6.154576e+00
-2.900000e+01 -6.117684e+00
-2.800000e+01 -6.191811e+00
-2.850000e+01 -6.154576e+00
-2.750000e+01 -6.225857e+00
-2.800000e+01 -6.191811e+00
-2.700000e+01 -6.253883e+00
-2.750000e+01 -6.225857e+00
-2.650000e+01 -6.274175e+00
-2.700000e+01 -6.253883e+00
-2.600000e+01 -6.286397e+00
-2.650000e+01 -6.274175e+00
-2.550000e+01 -6.290760e+00
-2.600000e+01 -6.286397e+00
-2.500000e+01 -6.287307e+00
-2.550000e+01 -6.290760e+00
-2.450000e+01 -6.276033e+00
-2.500000e+01 -6.287307e+00
-2.400000e+01 -6.256848e+00
-2.450000e+01 -6.276033e+00
-2.350000e+01 -6.229222e+00
-2.400000e+01 -6.256848e+00
-2.300000e+01 -6.192350e+00
-2.350000e+01 -6.229222e+00
-2.250000e+01 -6.145816e+00
-2.300000e+01 -6.192350e+00
-2.200000e+01 -6.090760e+00
-2.250000e+01 -6.145816e+00
-2.150000e+01 -6.032769e+00
-2.200000e+01 -6.090760e+00
-2.114469e+01 -6.000000e+00
-2.150000e+01 -6.032769e+00
-2.114469e+01 -6.000000e+00
-2.100000e+01 -5.986843e+00
-2.050000e+01 -5.964782e+00
-2.100000e+01 -5.986843e+00
-2.000000e+01 -5.979964e+00
-2.050000e+01 -5.964782e+00
-1.800000e+01 -6.808093e+00
-1.818377e+01 -6.750000e+00
-1.875000e+01 -6.540486e+00
-1.884051e+01 -6.500000e+00
-1.850000e+01 -6.639268e+00
-1.875000e+01 -6.540486e+00
-1.825000e+01 -6.727880e+00
-1.850000e+01 -6.639268e+00
-1.818377e+01 -6.750000e+00
-1.825000e+01 -6.727880e+00
-1.925000e+01 -6.282770e+00
-1.931064e+01 -6.250000e+00
-1.900000e+01 -6.420206e+00
-1.925000e+01 -6.282770e+00
-1.884051e+01 -6.500000e+00
-1.900000e+01 -6.420206e+00
-1.975000e+01 -6.032454e+00
-1.990315e+01 -6.000000e+00
-1.950000e+01 -6.140512e+00
-1.975000e+01 -6.032454e+00
-1.931064e+01 -6.250000e+00
-1.950000e+01 -6.140512e+00
-1.650000e+01 -7.272336e+00
-1.657079e+01 -7.250000e+00
-1.625000e+01 -7.353481e+00
-1.650000e+01 -7.272336e+00
-1.600000e+01 -7.436842e+00
-1.625000e+01 -7.353481e+00
-1.725000e+01 -7.036363e+00
-1.737175e+01 -7.000000e+00
-1.700000e+01 -7.112803e+00
-1.725000e+01 -7.036363e+00
-1.675000e+01 -7.191657e+00
-1.700000e+01 -7.112803e+00
-1.657079e+01 -7.250000e+00
-1.675000e+01 -7.191657e+00
-1.775000e+01 -6.884622e+00
-1.800000e+01 -6.808093e+00
-1.750000e+01 -6.960575e+00
-1.775000e+01 -6.884622e+00
-1.737175e+01 -7.000000e+00
-1.750000e+01 -6.960575e+00
-1.990315e+01 -6.000000e+00
-2.000000e+01 -5.979985e+00
-1.250000e+01 -8.572212e+00
-1.273101e+01 -8.500000e+00
-1.200000e+01 -8.721197e+00
-1.250000e+01 -8.572212e+00
-1.400000e+01 -8.103298e+00
-1.422863e+01 -8.000000e+00
-1.350000e+01 -8.228608e+00
-1.400000e+01 -8.103298e+00
-1.300000e+01 -8.406825e+00
-1.350000e+01 -8.228608e+00
-1.273101e+01 -8.500000e+00
-1.300000e+01 -8.406825e+00
-1.050000e+01 -9.096052e+00
-1.092436e+01 -9.000000e+00
-1.000000e+01 -9.194189e+00
-1.050000e+01 -9.096052e+00
-9.500000e+00 -9.275674e+00
-1.000000e+01 -9.194189e+00
-9.000000e+00 -9.339266e+00
-9.500000e+00 -9.275674e+00
-8.500000e+00 -9.383988e+00
-9.000000e+00 -9.339266e+00
-8.000000e+00 -9.409182e+00
-8.500000e+00 -9.383988e+00
-1.150000e+01 -8.858629e+00
-1.200000e+01 -8.721197e+00
-1.100000e+01 -8.982872e+00
-1.150000e+01 -8.858629e+00
-1.092436e+01 -9.000000e+00
-1.100000e+01 -8.982872e+00
-7.500000e+00 -9.414120e+00
-8.000000e+00 -9.409182e+00
-7.000000e+00 -9.397891e+00
-7.500000e+00 -9.414120e+00
-6.500000e+00 -9.359522e+00
-7.000000e+00 -9.397891e+00
-6.000000e+00 -9.297398e+00
-6.500000e+00 -9.359522e+00
-5.500000e+00 -9.208657e+00
-6.000000e+00 -9.297398e+00
-5.000000e+00 -9.088716e+00
-5.500000e+00 -9.208657e+00
-4.717577e+00 -9.000000e+00
-5.000000e+00 -9.088716e+00
-4.717577e+00 -9.000000e+00
-4.500000e+00 -8.938057e+00
-4.000000e+00 -8.756614e+00
-4.500000e+00 -8.938057e+00
-3.500000e+00 -8.524384e+00
-4.000000e+00 -8.756614e+00
-3.457146e+00 -8.500000e+00
-3.500000e+00 -8.524384e+00
-3.457146e+00 -8.500000e+00
-3.000000e+00 -8.242637e+00
-2.652337e+00 -8.000000e+00
-3.000000e+00 -8.242637e+00
-1.500000e+01 -7.770640e+00
-1.507858e+01 -7.750000e+00
-1.475000e+01 -7.836512e+00
-1.500000e+01 -7.770640e+00
-1.450000e+01 -7.901426e+00
-1.475000e+01 -7.836512e+00
-1.425000e+01 -7.992042e+00
-1.450000e+01 -7.901426e+00
-1.423012e+01 -8.000000e+00
-1.425000e+01 -7.992042e+00
-1.575000e+01 -7.521450e+00
-1.581514e+01 -7.500000e+00
-1.550000e+01 -7.605517e+00
-1.575000e+01 -7.521450e+00
-1.525000e+01 -7.690639e+00
-1.550000e+01 -7.605517e+00
-1.507858e+01 -7.750000e+00
-1.525000e+01 -7.690639e+00
-1.581514e+01 -7.500000e+00
-1.600000e+01 -7.436842e+00
-2.667190e+00 -8.000000e+00
-2.500000e+00 -7.933493e+00
-2.250000e+00 -7.809603e+00
-2.500000e+00 -7.933493e+00
-2.149294e+00 -7.750000e+00
-2.250000e+00 -7.809603e+00
-2.149294e+00 -7.750000e+00
-2.000000e+00 -7.648768e+00
-1.805746e+00 -7.500000e+00
-2.000000e+00 -7.648768e+00
-1.805746e+00 -7.500000e+00
-1.750000e+00 -7.461339e+00
-1.500000e+00 -7.267077e+00
-1.750000e+00 -7.461339e+00
-1.480189e+00 -7.250000e+00
-1.500000e+00 -7.267077e+00
-1.480189e+00 -7.250000e+00
-1.250000e+00 -7.067436e+00
-1.174242e+00 -7.000000e+00
-1.250000e+00 -7.067436e+00
-1.174242e+00 -7.000000e+00
-1.000000e+00 -6.854306e+00
-8.883250e-01 -6.750000e+00
-1.000000e+00 -6.854306e+00
-8.883250e-01 -6.750000e+00
-7.500000e-01 -6.625316e+00
-6.247193e-01 -6.500000e+00
-7.500000e-01 -6.625316e+00
-6.247193e-01 -6.500000e+00
-5.000000e-01 -6.376448e+00
-3.835198e-01 -6.250000e+00
-5.000000e-01 -6.376448e+00
-3.835198e-01 -6.250000e+00
-2.500000e-01 -6.103045e+00
-1.633067e-01 -6.000000e+00
-2.500000e-01 -6.103045e+00
-1.633067e-01 -6.000000e+00
0.000000e+00 -5.797891e+00
3.630816e-02 -5.750000e+00
0.000000e+00 -5.797891e+00
3.630816e-02 -5.750000e+00
2.151838e-01 -5.500000e+00
2.151838e-01 -5.500000e+00
2.500000e-01 -5.447653e+00
3.726369e-01 -5.250000e+00
2.500000e-01 -5.447653e+00
3.726369e-01 -5.250000e+00
5.000000e-01 -5.010071e+00
5.050765e-01 -5.000000e+00
5.000000e-01 -5.010071e+00
5.050765e-01 -5.000000e+00
6.140817e-01 -4.750000e+00
6.140817e-01 -4.750000e+00
6.953595e-01 -4.500000e+00
6.953595e-01 -4.500000e+00
7.500000e-01 -4.265574e+00
7.533804e-01 -4.250000e+00
7.500000e-01 -4.265574e+00
7.533804e-01 -4.250000e+00
8.014547e-01 -4.000000e+00
7.957827e-01 -4.000000e+00
8.320507e-01 -3.875000e+00
8.320507e-01 -3.875000e+00
8.507622e-01 -3.750000e+00
8.507622e-01 -3.750000e+00
8.674418e-01 -3.625000e+00
8.674418e-01 -3.625000e+00
8.750000e-01 -3.564496e+00
8.825798e-01 -3.500000e+00
8.750000e-01 -3.564496e+00
8.825798e-01 -3.500000e+00
8.934041e-01 -3.375000e+00
8.934041e-01 -3.375000e+00
8.979732e-01 -3.250000e+00
8.979732e-01 -3.250000e+00
8.949411e-01 -3.125000e+00
8.949411e-01 -3.125000e+00
8.809177e-01 -3.000000e+00
-1.623475e+02 0.000000e+00
-1.600000e+02 5.092412e+00
-1.591176e+02 8.000000e+00
-1.600000e+02 5.618901e+00
-1.591176e+02 8.000000e+00
-1.560000e+02 9.283072e+00
-1.520000e+02 9.316146e+00
-1.560000e+02 9.283072e+00
-1.480000e+02 9.357737e+00
-1.520000e+02 9.316146e+00
-1.440000e+02 9.378726e+00
-1.480000e+02 9.357737e+00
-1.400000e+02 9.353077e+00
-1.440000e+02 9.378726e+00
-1.360000e+02 9.263109e+00
-1.400000e+02 9.353077e+00
-1.320000e+02 9.066697e+00
-1.360000e+02 9.263109e+00
-1.280000e+02 8.573610e+00
-1.320000e+02 9.066697e+00
-1.240000e+02 7.850936e+00
-1.258988e+02 8.000000e+00
-1.220000e+02 7.759822e+00
-1.240000e+02 7.850936e+00
-1.200000e+02 7.667454e+00
-1.220000e+02 7.759822e+00
-1.180000e+02 7.559183e+00
-1.200000e+02 7.667454e+00
-1.160000e+02 7.423869e+00
-1.180000e+02 7.559183e+00
-1.140000e+02 7.250655e+00
-1.160000e+02 7.423869e+00
-1.120000e+02 6.948704e+00
-1.140000e+02 7.250655e+00
-1.260000e+02 8.006539e+00
-1.280000e+02 8.808955e+00
-1.258988e+02 8.000000e+00
-1.260000e+02 8.006539e+00
-1.110000e+02 6.803020e+00
-1.114445e+02 7.000000e+00
-1.100000e+02 6.786122e+00
-1.110000e+02 6.803020e+00
-1.090000e+02 6.790297e+00
-1.100000e+02 6.786122e+00
-1.080000e+02 6.798082e+00
-1.090000e+02 6.790297e+00
-1.070000e+02 6.807038e+00
-1.080000e+02 6.798082e+00
-1.060000e+02 6.816567e+00
-1.070000e+02 6.807038e+00
-1.050000e+02 6.826397e+00
-1.060000e+02 6.816567e+00
-1.040000e+02 6.836601e+00
-1.050000e+02 6.826397e+00
-1.114445e+02 7.000000e+00
-1.120000e+02 7.192374e+00
-1.030000e+02 6.847300e+00
-1.040000e+02 6.836601e+00
-1.020000e+02 6.858589e+00
-1.030000e+02 6.847300e+00
-1.010000e+02 6.870515e+00
-1.020000e+02 6.858589e+00
-1.000000e+02 6.883057e+00
-1.010000e+02 6.870515e+00
-9.900000e+01 6.896164e+00
-1.000000e+02 6.883057e+00
-9.800000e+01 6.909828e+00
-9.900000e+01 6.896164e+00
-9.700000e+01 6.924092e+00
-9.800000e+01 6.909828e+00
-9.600000e+01 6.938938e+00
-9.700000e+01 6.924092e+00
-9.500000e+01 6.954298e+00
-9.600000e+01 6.938938e+00
-9.400000e+01 6.970123e+00
-9.500000e+01 6.954298e+00
-9.300000e+01 6.986377e+00
-9.400000e+01 6.970123e+00
-9.218537e+01 7.000000e+00
-9.300000e+01 6.986377e+00
-9.218537e+01 7.000000e+00
-9.200000e+01 7.002938e+00
-9.100000e+01 7.019341e+00
-9.200000e+01 7.002938e+00
-9.000000e+01 7.036452e+00
-9.100000e+01 7.019341e+00
-8.900000e+01 7.054328e+00
-9.000000e+01 7.036452e+00
-8.800000e+01 7.072973e+00
-8.900000e+01 7.054328e+00
-8.700000e+01 7.092420e+00
-8.800000e+01 7.072973e+00
-8.600000e+01 7.112725e+00
-8.700000e+01 7.092420e+00
-8.500000e+01 7.133921e+00
-8.600000e+01 7.112725e+00
-8.400000e+01 7.156033e+00
-8.500000e+01 7.133921e+00
-8.300000e+01 7.179085e+00
-8.400000e+01 7.156033e+00
-8.200000e+01 7.203130e+00
-8.300000e+01 7.179085e+00
-8.100000e+01 7.228222e+00
-8.200000e+01 7.203130e+00
-8.000000e+01 7.254421e+00
-8.100000e+01 7.228222e+00
-7.900000e+01 7.281763e+00
-8.000000e+01 7.254421e+00
-7.800000e+01 7.310267e+00
-7.900000e+01 7.281763e+00
-7.700000e+01 7.339947e+00
-7.800000e+01 7.310267e+00
-7.600000e+01 7.370817e+00
-7.700000e+01 7.339947e+00
-7.500000e+01 7.402892e+00
-7.600000e+01 7.370817e+00
-7.400000e+01 7.436166e+00
-7.500000e+01 7.402892e+00
-7.300000e+01 7.470630e+00
-7.400000e+01 7.436166e+00
-7.200000e+01 7.506283e+00
-7.300000e+01 7.470630e+00
-7.100000e+01 7.543132e+00
-7.200000e+01 7.506283e+00
-7.000000e+01 7.581189e+00
-7.100000e+01 7.543132e+00
-6.900000e+01 7.620450e+00
-7.000000e+01 7.581189e+00
-6.800000e+01 7.660884e+00
-6.900000e+01 7.620450e+00
-6.700000e+01 7.702428e+00
-6.800000e+01 7.660884e+00
-6.600000e+01 7.744998e+00
-6.700000e+01 7.702428e+00
-6.500000e+01 7.788498e+00
-6.600000e+01 7.744998e+00
-6.400000e+01 7.832837e+00
-6.500000e+01 7.788498e+00
-6.300000e+01 7.877977e+00
-6.400000e+01 7.832837e+00
-6.200000e+01 7.923925e+00
-6.300000e+01 7.877977e+00
-6.100000e+01 7.970669e+00
-6.200000e+01 7.923925e+00
-6.038144e+01 8.000000e+00
-6.100000e+01 7.970669e+00
-6.038144e+01 8.000000e+00
-6.000000e+01 8.017768e+00
-5.900000e+01 8.064435e+00
-6.000000e+01 8.017768e+00
-5.800000e+01 8.110973e+00
-5.900000e+01 8.064435e+00
-5.700000e+01 8.157151e+00
-5.800000e+01 8.110973e+00
-5.600000e+01 8.202638e+00
-5.700000e+01 8.157151e+00
-5.500000e+01 8.247068e+00
-5.600000e+01 8.202638e+00
-5.400000e+01 8.290082e+00
-5.500000e+01 8.247068e+00
-5.300000e+01 8.331293e+00
-5.400000e+01 8.290082e+00
-5.200000e+01 8.370261e+00
-5.300000e+01 8.331293e+00
-5.100000e+01 8.406463e+00
-5.200000e+01 8.370261e+00
-5.000000e+01 8.439327e+00
-5.100000e+01 8.406463e+00
-4.900000e+01 8.468431e+00
-5.000000e+01 8.439327e+00
-4.800000e+01 8.493741e+00
-4.900000e+01 8.468431e+00
-3.200000e+01 6.727027e+00
-3.253669e+01 7.000000e+00
-3.500000e+01 7.919844e+00
-3.540078e+01 8.000000e+00
-3.400000e+01 7.645092e+00
-3.500000e+01 7.919844e+00
-3.300000e+01 7.252657e+00
-3.400000e+01 7.645092e+00
-3.253669e+01 7.000000e+00
-3.300000e+01 7.252657e+00
-4.700000e+01 8.515793e+00
-4.800000e+01 8.493741e+00
-4.600000e+01 8.534957e+00
-4.700000e+01 8.515793e+00
-4.500000e+01 8.550320e+00
-4.600000e+01 8.534957e+00
-4.400000e+01 8.559963e+00
-4.500000e+01 8.550320e+00
-4.300000e+01 8.561840e+00
-4.400000e+01 8.559963e+00
-4.200000e+01 8.553937e+00
-4.300000e+01 8.561840e+00
-4.100000e+01 8.534011e+00
-4.200000e+01 8.553937e+00
-4.000000e+01 8.499427e+00
-4.100000e+01 8.534011e+00
-3.900000e+01 8.447152e+00
-4.000000e+01 8.499427e+00
-3.800000e+01 8.372881e+00
-3.900000e+01 8.447152e+00
-3.700000e+01 8.269357e+00
-3.800000e+01 8.372881e+00
-3.600000e+01 8.124328e+00
-3.700000e+01 8.269357e+00
-3.540078e+01 8.000000e+00
-3.600000e+01 8.124328e+00
-3.150000e+01 6.292865e+00
-3.170199e+01 6.500000e+00
-3.100000e+01 6.143138e+00
-3.150000e+01 6.292865e+00
-3.050000e+01 6.081041e+00
-3.100000e+01 6.143138e+00
-3.000000e+01 6.069203e+00
-3.050000e+01 6.081041e+00
-2.950000e+01 6.086269e+00
-3.000000e+01 6.069203e+00
-2.900000e+01 6.117684e+00
-2.950000e+01 6.086269e+00
-2.850000e+01 6.154576e+00
-2.900000e+01 6.117684e+00
-2.800000e+01 6.191811e+00
-2.850000e+01 6.154576e+00
-3.170199e+01 6.500000e+00
-3.200000e+01 6.764952e+00
-2.750000e+01 6.225857e+00
-2.800000e+01 6.191811e+00
-2.700000e+01 6.253883e+00
-2.750000e+01 6.225857e+00
-2.650000e+01 6.274175e+00
-2.700000e+01 6.253883e+00
-2.600000e+01 6.286397e+00
-2.650000e+01 6.274175e+00
-2.550000e+01 6.290760e+00
-2.600000e+01 6.286397e+00
-2.500000e+01 6.287307e+00
-2.550000e+01 6.290760e+00
-2.450000e+01 6.276033e+00
-2.500000e+01 6.287307e+00
-2.400000e+01 6.256848e+00
-2.450000e+01 6.276033e+00
-2.100000e+01 5.986843e+00
-2.114469e+01 6.000000e+00
-2.050000e+01 5.964782e+00
-2.100000e+01 5.986843e+00
-2.000000e+01 5.979964e+00
-2.050000e+01 5.964782e+00
-2.350000e+01 6.229222e+00
-2.400000e+01 6.256848e+00
-2.300000e+01 6.192350e+00
-2.350000e+01 6.229222e+00
-2.250000e+01 6.145816e+00
-2.300000e+01 6.192350e+00
-2.200000e+01 6.090760e+00
-2.250000e+01 6.145816e+00
-2.150000e+01 6.032769e+00
-2.200000e+01 6.090760e+00
-2.114469e+01 6.000000e+00
-2.150000e+01 6.032769e+00
-1.990315e+01 6.000000e+00
-2.000000e+01 5.979985e+00
-1.990315e+01 6.000000e+00
-1.975000e+01 6.032454e+00
-1.950000e+01 6.140512e+00
-1.975000e+01 6.032454e+00
-1.931064e+01 6.250000e+00
-1.950000e+01 6.140512e+00
-1.931064e+01 6.250000e+00
-1.925000e+01 6.282770e+00
-1.900000e+01 6.420206e+00
-1.925000e+01 6.282770e+00
-1.884051e+01 6.500000e+00
-1.900000e+01 6.420206e+00
-1.884051e+01 6.500000e+00
-1.875000e+01 6.540486e+00
-1.850000e+01 6.639268e+00
-1.875000e+01 6.540486e+00
-1.825000e+01 6.727880e+00
-1.850000e+01 6.639268e+00
-1.818377e+01 6.750000e+00
-1.825000e+01 6.727880e+00
-1.818377e+01 6.750000e+00
-1.800000e+01 6.808093e+00
-1.775000e+01 6.884622e+00
-1.800000e+01 6.808093e+00
-1.750000e+01 6.960575e+00
-1.775000e+01 6.884622e+00
-1.737175e+01 7.000000e+00
-1.750000e+01 6.960575e+00
-1.737175e+01 7.000000e+00
-1.725000e+01 7.036363e+00
-1.700000e+01 7.112803e+00
-1.725000e+01 7.036363e+00
-1.675000e+01 7.191657e+00
-1.700000e+01 7.112803e+00
-1.657079e+01 7.250000e+00
-1.675000e+01 7.191657e+00
-1.657079e+01 7.250000e+00
-1.650000e+01 7.272336e+00
-1.625000e+01 7.353481e+00
-1.650000e+01 7.272336e+00
-1.600000e+01 7.436842e+00
-1.625000e+01 7.353481e+00
-1.581514e+01 7.500000e+00
-1.600000e+01 7.436842e+00
-1.581514e+01 7.500000e+00
-1.575000e+01 7.521450e+00
-1.550000e+01 7.605517e+00
-1.575000e+01 7.521450e+00
-1.525000e+01 7.690639e+00
-1.550000e+01 7.605517e+00
-1.507858e+01 7.750000e+00
-1.525000e+01 7.690639e+00
-1.507858e+01 7.750000e+00
-1.500000e+01 7.770640e+00
-1.475000e+01 7.836512e+00
-1.500000e+01 7.770640e+00
-1.450000e+01 7.901426e+00
-1.475000e+01 7.836512e+00
-1.425000e+01 7.992042e+00
-1.450000e+01 7.901426e+00
-1.423012e+01 8.000000e+00
-1.425000e+01 7.992042e+00
0.000000e+00 5.797891e+00
-1.633067e-01 6.000000e+00
-2.000000e+00 7.648768e+00
-2.149294e+00 7.750000e+00
-2.500000e+00 7.933493e+00
-2.667190e+00 8.000000e+00
-2.250000e+00 7.809603e+00
-2.500000e+00 7.933493e+00
-2.149294e+00 7.750000e+00
-2.250000e+00 7.809603e+00
-2.500000e-01 6.103045e+00
-3.835198e-01 6.250000e+00
-1.633067e-01 6.000000e+00
-2.500000e-01 6.103045e+00
-5.000000e-01 6.376448e+00
-6.247193e-01 6.500000e+00
-3.835198e-01 6.250000e+00
-5.000000e-01 6.376448e+00
-7.500000e-01 6.625316e+00
-8.883250e-01 6.750000e+00
-6.247193e-01 6.500000e+00
-7.500000e-01 6.625316e+00
-1.000000e+00 6.854306e+00
-1.174242e+00 7.000000e+00
-8.883250e-01 6.750000e+00
-1.000000e+00 6.854306e+00
-1.250000e+00 7.067436e+00
-1.480189e+00 7.250000e+00
-1.174242e+00 7.000000e+00
-1.250000e+00 7.067436e+00
-1.750000e+00 7.461339e+00
-1.805746e+00 7.500000e+00
-1.500000e+00 7.267077e+00
-1.750000e+00 7.461339e+00
-1.480189e+00 7.250000e+00
-1.500000e+00 7.267077e+00
-1.805746e+00 7.500000e+00
-2.000000e+00 7.648768e+00
-1.422863e+01 8.000000e+00
-1.400000e+01 8.103298e+00
-1.350000e+01 8.228608e+00
-1.400000e+01 8.103298e+00
-1.300000e+01 8.406825e+00
-1.350000e+01 8.228608e+00
-1.273101e+01 8.500000e+00
-1.300000e+01 8.406825e+00
-1.273101e+01 8.500000e+00
-1.250000e+01 8.572212e+00
-1.200000e+01 8.721197e+00
-1.250000e+01 8.572212e+00
8.809177e-01 3.000000e+00
8.949411e-01 3.125000e+00
8.949411e-01 3.125000e+00
8.979732e-01 3.250000e+00
8.979732e-01 3.250000e+00
8.934041e-01 3.375000e+00
8.934041e-01 3.375000e+00
8.825798e-01 3.500000e+00
8.750000e-01 3.564496e+00
8.674418e-01 3.625000e+00
8.825798e-01 3.500000e+00
8.750000e-01 3.564496e+00
8.674418e-01 3.625000e+00
8.507622e-01 3.750000e+00
8.507622e-01 3.750000e+00
8.320507e-01 3.875000e+00
8.320507e-01 3.875000e+00
7.957827e-01 4.000000e+00
8.014547e-01 4.000000e+00
7.533804e-01 4.250000e+00
7.500000e-01 4.265574e+00
6.953595e-01 4.500000e+00
7.533804e-01 4.250000e+00
7.500000e-01 4.265574e+00
6.953595e-01 4.500000e+00
6.140817e-01 4.750000e+00
6.140817e-01 4.750000e+00
5.050765e-01 5.000000e+00
5.000000e-01 5.010071e+00
3.726369e-01 5.250000e+00
5.050765e-01 5.000000e+00
5.000000e-01 5.010071e+00
2.500000e-01 5.447653e+00
2.151838e-01 5.500000e+00
3.726369e-01 5.250000e+00
2.500000e-01 5.447653e+00
2.151838e-01 5.500000e+00
3.630816e-02 5.750000e+00
3.630816e-02 5.750000e+00
0.000000e+00 5.797891e+00
8.750000e-01 -2.974536e+00
8.534979e-01 -2.875000e+00
8.809177e-01 -3.000000e+00
8.750000e-01 -2.974536e+00
8.534979e-01 -2.875000e+00
8.138410e-01 -2.750000e+00
8.138410e-01 -2.750000e+00
7.638192e-01 -2.625000e+00
7.500000e-01 -2.588058e+00
7.156438e-01 -2.500000e+00
7.638192e-01 -2.625000e+00
7.500000e-01 -2.588058e+00
7.156438e-01 -2.500000e+00
6.930887e-01 -2.375000e+00
6.930887e-01 -2.375000e+00
7.500000e-01 -2.363456e+00
8.750000e-01 -2.342098e+00
7.500000e-01 -2.363456e+00
9.502275e-01 -2.250000e+00
8.750000e-01 -2.342098e+00
9.502275e-01 -2.250000e+00
1.000000e+00 -2.200228e+00
1.125000e+00 -2.198346e+00
1.000000e+00 -2.200228e+00
1.195533e+00 -2.125000e+00
1.125000e+00 -2.198346e+00
1.195533e+00 -2.125000e+00
1.250000e+00 -2.070533e+00
1.321293e+00 -2.000000e+00
1.250000e+00 -2.070533e+00
1.321293e+00 -2.000000e+00
1.375000e+00 -1.946293e+00
1.500000e+00 -1.946491e+00
1.375000e+00 -1.946293e+00
1.575169e+00 -1.875000e+00
1.500000e+00 -1.946491e+00
1.575169e+00 -1.875000e+00
1.625000e+00 -1.825169e+00
1.708042e+00 -1.750000e+00
1.625000e+00 -1.825169e+00
1.708042e+00 -1.750000e+00
1.750000e+00 -1.708042e+00
1.842404e+00 -1.625000e+00
1.750000e+00 -1.708042e+00
1.842404e+00 -1.625000e+00
1.875000e+00 -1.592404e+00
1.977087e+00 -1.500000e+00
1.875000e+00 -1.592404e+00
1.977087e+00 -1.500000e+00
1.977836e+00 -1.375000e+00
1.977836e+00 -1.375000e+00
2.000000e+00 -1.352836e+00
2.102142e+00 -1.250000e+00
2.000000e+00 -1.352836e+00
2.102142e+00 -1.250000e+00
2.125000e+00 -1.227142e+00
2.229569e+00 -1.125000e+00
2.125000e+00 -1.227142e+00
2.229569e+00 -1.125000e+00
2.232367e+00 -1.000000e+00
2.232367e+00 -1.000000e+00
2.250000e+00 -9.823672e-01
2.356568e+00 -8.750000e-01
2.250000e+00 -9.823672e-01
2.356568e+00 -8.750000e-01
2.357233e+00 -7.500000e-01
2.357233e+00 -7.500000e-01
2.357601e+00 -6.250000e-01
2.357601e+00 -6.250000e-01
2.357714e+00 -5.000000e-01
2.357714e+00 -5.000000e-01
2.375000e+00 -4.827145e-01
2.482949e+00 -3.750000e-01
2.375000e+00 -4.827145e-01
2.482949e+00 -3.750000e-01
2.483087e+00 -2.500000e-01
2.483087e+00 -2.500000e-01
2.483162e+00 -1.250000e-01
2.483162e+00 -1.250000e-01
2.483184e+00 0.000000e+00
2.000000e+00 1.352836e+00
1.977836e+00 1.375000e+00
1.977836e+00 1.375000e+00
1.977087e+00 1.500000e+00
1.875000e+00 1.592404e+00
1.842404e+00 1.625000e+00
1.977087e+00 1.500000e+00
1.875000e+00 1.592404e+00
1.750000e+00 1.708042e+00
1.708042e+00 1.750000e+00
1.842404e+00 1.625000e+00
1.750000e+00 1.708042e+00
1.625000e+00 1.825169e+00
1.575169e+00 1.875000e+00
1.708042e+00 1.750000e+00
1.625000e+00 1.825169e+00
1.375000e+00 1.946293e+00
1.321293e+00 2.000000e+00
1.500000e+00 1.946491e+00
1.375000e+00 1.946293e+00
1.575169e+00 1.875000e+00
1.500000e+00 1.946491e+00
2.483184e+00 0.000000e+00
2.483162e+00 1.250000e-01
2.483162e+00 1.250000e-01
2.483087e+00 2.500000e-01
2.483087e+00 2.500000e-01
2.482949e+00 3.750000e-01
2.375000e+00 4.827145e-01
2.357714e+00 5.000000e-01
2.482949e+00 3.750000e-01
2.375000e+00 4.827145e-01
2.357714e+00 5.000000e-01
2.357601e+00 6.250000e-01
2.357601e+00 6.250000e-01
2.357233e+00 7.500000e-01
2.357233e+00 7.500000e-01
2.356568e+00 8.750000e-01
2.250000e+00 9.823672e-01
2.232367e+00 1.000000e+00
2.356568e+00 8.750000e-01
2.250000e+00 9.823672e-01
2.232367e+00 1.000000e+00
2.229569e+00 1.125000e+00
2.125000e+00 1.227142e+00
2.102142e+00 1.250000e+00
2.229569e+00 1.125000e+00
2.125000e+00 1.227142e+00
2.102142e+00 1.250000e+00
2.000000e+00 1.352836e+00
1.000000e+00 2.200228e+00
9.502275e-01 2.250000e+00
7.500000e-01 2.363456e+00
6.930887e-01 2.375000e+00
8.750000e-01 2.342098e+00
7.500000e-01 2.363456e+00
9.502275e-01 2.250000e+00
8.750000e-01 2.342098e+00
6.930887e-01 2.375000e+00
7.156438e-01 2.500000e+00
7.156438e-01 2.500000e+00
7.500000e-01 2.588058e+00
7.638192e-01 2.625000e+00
7.500000e-01 2.588058e+00
7.638192e-01 2.625000e+00
8.138410e-01 2.750000e+00
8.138410e-01 2.750000e+00
8.534979e-01 2.875000e+00
8.534979e-01 2.875000e+00
8.750000e-01 2.974536e+00
8.809177e-01 3.000000e+00
8.750000e-01 2.974536e+00
1.250000e+00 2.070533e+00
1.195533e+00 2.125000e+00
1.321293e+00 2.000000e+00
1.250000e+00 2.070533e+00
1.125000e+00 2.198346e+00
1.000000e+00 2.200228e+00
1.195533e+00 2.125000e+00
1.125000e+00 2.198346e+00
-1.150000e+01 8.858629e+00
-1.200000e+01 8.721197e+00
-1.100000e+01 8.982872e+00
-1.150000e+01 8.858629e+00
-1.092436e+01 9.000000e+00
-1.100000e+01 8.982872e+00
-1.092436e+01 9.000000e+00
-1.050000e+01 9.096052e+00
-1.000000e+01 9.194189e+00
-1.050000e+01 9.096052e+00
-9.500000e+00 9.275674e+00
-1.000000e+01 9.194189e+00
-9.000000e+00 9.339266e+00
-9.500000e+00 9.275674e+00
-8.500000e+00 9.383988e+00
-9.000000e+00 9.339266e+00
-8.000000e+00 9.409182e+00
-8.500000e+00 9.383988e+00
-4.500000e+00 8.938057e+00
-4.717577e+00 9.000000e+00
-4.000000e+00 8.756614e+00
-4.500000e+00 8.938057e+00
-7.500000e+00 9.414120e+00
-8.000000e+00 9.409182e+00
-7.000000e+00 9.397891e+00
-7.500000e+00 9.414120e+00
-6.500000e+00 9.359522e+00
-7.000000e+00 9.397891e+00
-6.000000e+00 9.297398e+00
-6.500000e+00 9.359522e+00
-5.500000e+00 9.208657e+00
-6.000000e+00 9.297398e+00
-5.000000e+00 9.088716e+00
-5.500000e+00 9.208657e+00
-4.717577e+00 9.000000e+00
-5.000000e+00 9.088716e+00
-3.000000e+00 8.242637e+00
-3.457146e+00 8.500000e+00
-2.652337e+00 8.000000e+00
-3.000000e+00 8.242637e+00
-3.500000e+00 8.524384e+00
-4.000000e+00 8.756614e+00
-3.457146e+00 8.500000e+00
-3.500000e+00 8.524384e+00
