# rho
-4.100000e+01 -1.716648e+01
-4.169029e+01 -1.700000e+01
-4.000000e+01 -1.742557e+01
-4.100000e+01 -1.716648e+01
-4.200000e+01 -1.627246e+01
-4.225967e+01 -1.600000e+01
-4.169029e+01 -1.700000e+01
-4.200000e+01 -1.627246e+01
-3.800000e+01 -1.802090e+01
-3.814887e+01 -1.800000e+01
-3.700000e+01 -1.815518e+01
-3.800000e+01 -1.802090e+01
-3.600000e+01 -1.828127e+01
-3.700000e+01 -1.815518e+01
-3.500000e+01 -1.839135e+01
-3.600000e+01 -1.828127e+01
-3.400000e+01 -1.848118e+01
-3.500000e+01 -1.839135e+01
-3.300000e+01 -1.855868e+01
-3.400000e+01 -1.848118e+01
-3.200000e+01 -1.863262e+01
-3.300000e+01 -1.855868e+01
-3.900000e+01 -1.771785e+01
-4.000000e+01 -1.742557e+01
-3.814887e+01 -1.800000e+01
-3.900000e+01 -1.771785e+01
-3.500000e+01 -1.602642e+01
-3.535622e+01 -1.600000e+01
-3.400000e+01 -1.609146e+01
-3.500000e+01 -1.602642e+01
-3.300000e+01 -1.614923e+01
-3.400000e+01 -1.609146e+01
-3.200000e+01 -1.611412e+01
-3.300000e+01 -1.614923e+01
-4.225967e+01 -1.600000e+01
-4.200000e+01 -1.597829e+01
-4.100000e+01 -1.593851e+01
-4.200000e+01 -1.597829e+01
-4.000000e+01 -1.592638e+01
-4.100000e+01 -1.593851e+01
-3.900000e+01 -1.592753e+01
-4.000000e+01 -1.592638e+01
-3.800000e+01 -1.593636e+01
-3.900000e+01 -1.592753e+01
-3.700000e+01 -1.595242e+01
-3.800000e+01 -1.593636e+01
-3.600000e+01 -1.597879e+01
-3.700000e+01 -1.595242e+01
-3.535622e+01 -1.600000e+01
-3.600000e+01 -1.597879e+01
-3.100000e+01 -1.870167e+01
-3.200000e+01 -1.863262e+01
-3.000000e+01 -1.875546e+01
-3.100000e+01 -1.870167e+01
-2.900000e+01 -1.877869e+01
-3.000000e+01 -1.875546e+01
-2.800000e+01 -1.875215e+01
-2.900000e+01 -1.877869e+01
-2.700000e+01 -1.866212e+01
-2.800000e+01 -1.875215e+01
-2.600000e+01 -1.851779e+01
-2.700000e+01 -1.866212e+01
-2.500000e+01 -1.836721e+01
-2.600000e+01 -1.851779e+01
-2.400000e+01 -1.826740e+01
-2.500000e+01 -1.836721e+01
-3.100000e+01 -1.613937e+01
-3.200000e+01 -1.611412e+01
-3.000000e+01 -1.627790e+01
-3.100000e+01 -1.613937e+01
-2.900000e+01 -1.634939e+01
-3.000000e+01 -1.627790e+01
-2.800000e+01 -1.646272e+01
-2.900000e+01 -1.634939e+01
-2.700000e+01 -1.633762e+01
-2.800000e+01 -1.646272e+01
-2.610167e+01 -1.600000e+01
-2.700000e+01 -1.633762e+01
-2.300000e+01 -1.820483e+01
-2.400000e+01 -1.826740e+01
-2.200000e+01 -1.813713e+01
-2.300000e+01 -1.820483e+01
-2.100000e+01 -1.804754e+01
-2.200000e+01 -1.813713e+01
-2.058727e+01 -1.800000e+01
-2.100000e+01 -1.804754e+01
-2.058727e+01 -1.800000e+01
-2.000000e+01 -1.791894e+01
-1.900000e+01 -1.777975e+01
-2.000000e+01 -1.791894e+01
-1.800000e+01 -1.764175e+01
-1.900000e+01 -1.777975e+01
-1.700000e+01 -1.749204e+01
-1.800000e+01 -1.764175e+01
-1.600000e+01 -1.731364e+01
-1.700000e+01 -1.749204e+01
-1.500000e+01 -1.709818e+01
-1.600000e+01 -1.731364e+01
-1.460571e+01 -1.700000e+01
-1.500000e+01 -1.709818e+01
-1.460571e+01 -1.700000e+01
-1.400000e+01 -1.685647e+01
-1.300000e+01 -1.662445e+01
-1.400000e+01 -1.685647e+01
-1.200000e+01 -1.646801e+01
-1.300000e+01 -1.662445e+01
-1.100000e+01 -1.610303e+01
-1.200000e+01 -1.646801e+01
-1.069349e+01 -1.600000e+01
-1.100000e+01 -1.610303e+01
-2.610442e+01 -1.600000e+01
-2.609948e+01 -1.550000e+01
-2.650000e+01 -1.501879e+01
-2.651419e+01 -1.500000e+01
-2.609948e+01 -1.550000e+01
-2.650000e+01 -1.501879e+01
-2.651419e+01 -1.500000e+01
-2.686719e+01 -1.450000e+01
-2.700000e+01 -1.410903e+01
-2.703833e+01 -1.400000e+01
-2.686719e+01 -1.450000e+01
-2.700000e+01 -1.410903e+01
-2.703833e+01 -1.400000e+01
-2.707781e+01 -1.350000e+01
-2.707781e+01 -1.350000e+01
-2.706223e+01 -1.300000e+01
-2.706223e+01 -1.300000e+01
-2.707756e+01 -1.250000e+01
-2.707756e+01 -1.250000e+01
-2.719025e+01 -1.200000e+01
-2.800000e+01 -1.001822e+01
-2.800714e+01 -1.000000e+01
-2.800714e+01 -1.000000e+01
-2.816975e+01 -9.500000e+00
-2.816975e+01 -9.500000e+00
-2.832044e+01 -9.000000e+00
-2.832044e+01 -9.000000e+00
-2.846819e+01 -8.500000e+00
-2.850000e+01 -8.389673e+00
-2.860758e+01 -8.000000e+00
-2.846819e+01 -8.500000e+00
-2.850000e+01 -8.389673e+00
-2.719025e+01 -1.200000e+01
-2.737952e+01 -1.150000e+01
-2.750000e+01 -1.123098e+01
-2.760056e+01 -1.100000e+01
-2.737952e+01 -1.150000e+01
-2.750000e+01 -1.123098e+01
-2.760056e+01 -1.100000e+01
-2.781127e+01 -1.050000e+01
-2.781127e+01 -1.050000e+01
-2.800000e+01 -1.001822e+01
-2.860758e+01 -8.000000e+00
-2.875032e+01 -7.500000e+00
-2.875032e+01 -7.500000e+00
-2.889208e+01 -7.000000e+00
-2.900000e+01 -6.593613e+00
-2.902333e+01 -6.500000e+00
-2.889208e+01 -7.000000e+00
-2.900000e+01 -6.593613e+00
-2.902333e+01 -6.500000e+00
-2.913477e+01 -6.000000e+00
-2.913477e+01 -6.000000e+00
-2.923767e+01 -5.500000e+00
-2.923767e+01 -5.500000e+00
-2.933188e+01 -5.000000e+00
-2.933188e+01 -5.000000e+00
-2.942057e+01 -4.500000e+00
-2.950000e+01 -4.028329e+00
-2.950419e+01 -4.000000e+00
-2.942057e+01 -4.500000e+00
-2.950000e+01 -4.028329e+00
-2.950419e+01 -4.000000e+00
-2.956863e+01 -3.500000e+00
-2.956863e+01 -3.500000e+00
-2.962789e+01 -3.000000e+00
-2.962789e+01 -3.000000e+00
-2.968278e+01 -2.500000e+00
-2.968278e+01 -2.500000e+00
-2.973297e+01 -2.000000e+00
-2.973297e+01 -2.000000e+00
-2.977772e+01 -1.500000e+00
-2.977772e+01 -1.500000e+00
-2.981483e+01 -1.000000e+00
-2.981483e+01 -1.000000e+00
-2.983853e+01 -5.000000e-01
-2.983853e+01 -5.000000e-01
-2.984614e+01 0.000000e+00
-1.071027e+01 -1.600000e+01
-1.050000e+01 -1.595857e+01
-1.000000e+01 -1.587229e+01
-1.050000e+01 -1.595857e+01
-9.500000e+00 -1.577567e+01
-1.000000e+01 -1.587229e+01
-9.000000e+00 -1.568563e+01
-9.500000e+00 -1.577567e+01
-8.500000e+00 -1.558417e+01
-9.000000e+00 -1.568563e+01
-8.135610e+00 -1.550000e+01
-8.500000e+00 -1.558417e+01
-8.135610e+00 -1.550000e+01
-8.000000e+00 -1.546168e+01
-7.500000e+00 -1.530308e+01
-8.000000e+00 -1.546168e+01
-7.000000e+00 -1.513817e+01
-7.500000e+00 -1.530308e+01
-6.597548e+00 -1.500000e+01
-7.000000e+00 -1.513817e+01
-6.597548e+00 -1.500000e+01
-6.500000e+00 -1.496558e+01
-6.000000e+00 -1.477694e+01
-6.500000e+00 -1.496558e+01
-5.500000e+00 -1.456677e+01
-6.000000e+00 -1.477694e+01
-5.355580e+00 -1.450000e+01
-5.500000e+00 -1.456677e+01
-5.355580e+00 -1.450000e+01
-5.000000e+00 -1.434356e+01
-4.500000e+00 -1.412002e+01
-5.000000e+00 -1.434356e+01
-4.263004e+00 -1.400000e+01
-4.500000e+00 -1.412002e+01
-4.263004e+00 -1.400000e+01
-4.000000e+00 -1.387209e+01
-3.500000e+00 -1.363124e+01
-4.000000e+00 -1.387209e+01
-3.258450e+00 -1.350000e+01
-3.500000e+00 -1.363124e+01
-3.258450e+00 -1.350000e+01
-3.000000e+00 -1.336457e+01
-2.500000e+00 -1.310213e+01
-3.000000e+00 -1.336457e+01
-2.328226e+00 -1.300000e+01
-2.500000e+00 -1.310213e+01
-2.328226e+00 -1.300000e+01
-2.000000e+00 -1.281214e+01
-1.500000e+00 -1.250562e+01
-2.000000e+00 -1.281214e+01
-1.491640e+00 -1.250000e+01
-1.500000e+00 -1.250562e+01
-1.491640e+00 -1.250000e+01
-1.000000e+00 -1.219067e+01
-7.174075e-01 -1.200000e+01
-1.000000e+00 -1.219067e+01
-7.174075e-01 -1.200000e+01
-5.000000e-01 -1.185029e+01
-1.042281e-02 -1.150000e+01
-5.000000e-01 -1.185029e+01
-1.042281e-02 -1.150000e+01
0.000000e+00 -1.149184e+01
5.000000e-01 -1.109713e+01
0.000000e+00 -1.149184e+01
6.144457e-01 -1.100000e+01
5.000000e-01 -1.109713e+01
6.144457e-01 -1.100000e+01
1.000000e+00 -1.065205e+01
1.162145e+00 -1.050000e+01
1.000000e+00 -1.065205e+01
1.162145e+00 -1.050000e+01
1.500000e+00 -1.014681e+01
1.638141e+00 -1.000000e+01
1.500000e+00 -1.014681e+01
1.638141e+00 -1.000000e+01
2.000000e+00 -9.559443e+00
2.048923e+00 -9.500000e+00
2.000000e+00 -9.559443e+00
2.048923e+00 -9.500000e+00
2.393987e+00 -9.000000e+00
2.393987e+00 -9.000000e+00
2.500000e+00 -8.810873e+00
2.680951e+00 -8.500000e+00
2.500000e+00 -8.810873e+00
2.680951e+00 -8.500000e+00
2.875780e+00 -8.000000e+00
2.870982e+00 -8.000000e+00
2.992750e+00 -7.750000e+00
2.992750e+00 -7.750000e+00
3.000000e+00 -7.733292e+00
3.125983e+00 -7.500000e+00
3.000000e+00 -7.733292e+00
3.125983e+00 -7.500000e+00
3.250000e+00 -7.317620e+00
3.312021e+00 -7.250000e+00
3.250000e+00 -7.317620e+00
3.312021e+00 -7.250000e+00
3.500000e+00 -7.085386e+00
3.634948e+00 -7.000000e+00
3.500000e+00 -7.085386e+00
3.634948e+00 -7.000000e+00
3.750000e+00 -6.938286e+00
4.000000e+00 -6.826780e+00
3.750000e+00 -6.938286e+00
4.183121e+00 -6.750000e+00
4.000000e+00 -6.826780e+00
4.183121e+00 -6.750000e+00
4.250000e+00 -6.723668e+00
4.500000e+00 -6.621280e+00
4.250000e+00 -6.723668e+00
4.750000e+00 -6.513416e+00
4.500000e+00 -6.621280e+00
4.776819e+00 -6.500000e+00
4.750000e+00 -6.513416e+00
4.776819e+00 -6.500000e+00
5.000000e+00 -6.392771e+00
5.250000e+00 -6.255374e+00
5.000000e+00 -6.392771e+00
5.257775e+00 -6.250000e+00
5.250000e+00 -6.255374e+00
5.257775e+00 -6.250000e+00
5.500000e+00 -6.090072e+00
5.613841e+00 -6.000000e+00
5.500000e+00 -6.090072e+00
5.613841e+00 -6.000000e+00
5.750000e+00 -5.896480e+00
5.912633e+00 -5.750000e+00
5.750000e+00 -5.896480e+00
5.912633e+00 -5.750000e+00
6.000000e+00 -5.673171e+00
6.172639e+00 -5.500000e+00
6.000000e+00 -5.673171e+00
6.172639e+00 -5.500000e+00
6.250000e+00 -5.421909e+00
6.406960e+00 -5.250000e+00
6.250000e+00 -5.421909e+00
6.406960e+00 -5.250000e+00
6.500000e+00 -5.145645e+00
6.624318e+00 -5.000000e+00
6.500000e+00 -5.145645e+00
6.624318e+00 -5.000000e+00
6.750000e+00 -4.848849e+00
6.829540e+00 -4.750000e+00
6.750000e+00 -4.848849e+00
6.829540e+00 -4.750000e+00
7.000000e+00 -4.530868e+00
7.023291e+00 -4.500000e+00
7.000000e+00 -4.530868e+00
7.023291e+00 -4.500000e+00
7.203685e+00 -4.250000e+00
7.203685e+00 -4.250000e+00
7.250000e+00 -4.183499e+00
7.375022e+00 -4.000000e+00
7.250000e+00 -4.183499e+00
7.375022e+00 -4.000000e+00
7.500000e+00 -3.806720e+00
7.538057e+00 -3.750000e+00
7.500000e+00 -3.806720e+00
7.538057e+00 -3.750000e+00
7.689119e+00 -3.500000e+00
7.689119e+00 -3.500000e+00
7.750000e+00 -3.387601e+00
7.815952e+00 -3.250000e+00
7.750000e+00 -3.387601e+00
7.815952e+00 -3.250000e+00
7.920368e+00 -3.000000e+00
7.920368e+00 -3.000000e+00
8.000000e+00 -2.764526e+00
8.126663e+00 -2.500000e+00
8.000000e+00 -2.758206e+00
8.126663e+00 -2.500000e+00
8.321464e+00 -2.000000e+00
8.321464e+00 -2.000000e+00
8.416814e+00 -1.500000e+00
8.416814e+00 -1.500000e+00
8.492491e+00 -1.000000e+00
8.492491e+00 -1.000000e+00
8.500000e+00 -8.997573e-01
8.523157e+00 -5.000000e-01
8.500000e+00 -8.997573e-01
8.523157e+00 -5.000000e-01
8.530953e+00 0.000000e+00
-4.200000e+01 1.597829e+01
-4.225973e+01 1.600000e+01
-4.100000e+01 1.593851e+01
-4.200000e+01 1.597829e+01
-4.000000e+01 1.592638e+01
-4.100000e+01 1.593851e+01
-3.900000e+01 1.592753e+01
-4.000000e+01 1.592638e+01
-3.800000e+01 1.593636e+01
-3.900000e+01 1.592753e+01
-3.700000e+01 1.595242e+01
-3.800000e+01 1.593636e+01
-3.600000e+01 1.597879e+01
-3.700000e+01 1.595242e+01
-3.535622e+01 1.600000e+01
-3.600000e+01 1.597879e+01
-4.225973e+01 1.600000e+01
-4.200000e+01 1.627249e+01
-4.169026e+01 1.700000e+01
-4.200000e+01 1.627249e+01
-4.169026e+01 1.700000e+01
-4.100000e+01 1.716648e+01
-4.000000e+01 1.742557e+01
-4.100000e+01 1.716648e+01
-3.535622e+01 1.600000e+01
-3.500000e+01 1.602642e+01
-3.400000e+01 1.609146e+01
-3.500000e+01 1.602642e+01
-3.300000e+01 1.614923e+01
-3.400000e+01 1.609146e+01
-3.200000e+01 1.611413e+01
-3.300000e+01 1.614923e+01
-3.900000e+01 1.771785e+01
-4.000000e+01 1.742557e+01
-3.814885e+01 1.800000e+01
-3.900000e+01 1.771785e+01
-3.814885e+01 1.800000e+01
-3.800000e+01 1.802090e+01
-3.700000e+01 1.815519e+01
-3.800000e+01 1.802090e+01
-3.600000e+01 1.828127e+01
-3.700000e+01 1.815519e+01
-3.500000e+01 1.839135e+01
-3.600000e+01 1.828127e+01
-3.400000e+01 1.848118e+01
-3.500000e+01 1.839135e+01
-3.300000e+01 1.855868e+01
-3.400000e+01 1.848118e+01
-3.200000e+01 1.863262e+01
-3.300000e+01 1.855868e+01
-2.984614e+01 0.000000e+00
-2.983853e+01 5.000000e-01
-2.983853e+01 5.000000e-01
-2.981483e+01 1.000000e+00
-2.981483e+01 1.000000e+00
-2.977772e+01 1.500000e+00
-2.977772e+01 1.500000e+00
-2.973297e+01 2.000000e+00
-2.973297e+01 2.000000e+00
-2.968278e+01 2.500000e+00
-2.968278e+01 2.500000e+00
-2.962789e+01 3.000000e+00
-2.962789e+01 3.000000e+00
-2.956862e+01 3.500000e+00
-2.956862e+01 3.500000e+00
-2.950419e+01 4.000000e+00
-2.950419e+01 4.000000e+00
-2.950000e+01 4.028329e+00
-2.942057e+01 4.500000e+00
-2.950000e+01 4.028329e+00
-2.942057e+01 4.500000e+00
-2.933188e+01 5.000000e+00
-2.933188e+01 5.000000e+00
-2.923766e+01 5.500000e+00
-2.923766e+01 5.500000e+00
-2.913477e+01 6.000000e+00
-2.913477e+01 6.000000e+00
-2.902333e+01 6.500000e+00
-2.902333e+01 6.500000e+00
-2.900000e+01 6.593610e+00
-2.889208e+01 7.000000e+00
-2.900000e+01 6.593610e+00
-2.889208e+01 7.000000e+00
-2.875032e+01 7.500000e+00
-2.875032e+01 7.500000e+00
-2.860758e+01 8.000000e+00
-2.860758e+01 8.000000e+00
-2.850000e+01 8.389669e+00
-2.846819e+01 8.500000e+00
-2.850000e+01 8.389669e+00
-2.846819e+01 8.500000e+00
-2.832044e+01 9.000000e+00
-2.832044e+01 9.000000e+00
-2.816974e+01 9.500000e+00
-2.816974e+01 9.500000e+00
-2.800713e+01 1.000000e+01
-2.800713e+01 1.000000e+01
-2.800000e+01 1.001821e+01
-2.781127e+01 1.050000e+01
-2.800000e+01 1.001821e+01
-2.781127e+01 1.050000e+01
-2.760056e+01 1.100000e+01
-2.760056e+01 1.100000e+01
-2.750000e+01 1.123097e+01
-2.737952e+01 1.150000e+01
-2.750000e+01 1.123097e+01
-2.737952e+01 1.150000e+01
-2.719024e+01 1.200000e+01
-2.719024e+01 1.200000e+01
-2.707756e+01 1.250000e+01
-2.707756e+01 1.250000e+01
-2.706222e+01 1.300000e+01
-2.706222e+01 1.300000e+01
-2.707781e+01 1.350000e+01
-2.707781e+01 1.350000e+01
-2.703833e+01 1.400000e+01
-2.703833e+01 1.400000e+01
-2.700000e+01 1.410903e+01
-2.686718e+01 1.450000e+01
-2.700000e+01 1.410903e+01
-2.686718e+01 1.450000e+01
-2.651418e+01 1.500000e+01
-2.651418e+01 1.500000e+01
-2.650000e+01 1.501878e+01
-2.609947e+01 1.550000e+01
-2.650000e+01 1.501878e+01
-2.609947e+01 1.550000e+01
-2.610442e+01 1.600000e+01
-3.100000e+01 1.613937e+01
-3.200000e+01 1.611413e+01
-3.000000e+01 1.627790e+01
-3.100000e+01 1.613937e+01
-2.900000e+01 1.634939e+01
-3.000000e+01 1.627790e+01
-2.800000e+01 1.646272e+01
-2.900000e+01 1.634939e+01
-2.700000e+01 1.633762e+01
-2.800000e+01 1.646272e+01
-2.610167e+01 1.600000e+01
-2.700000e+01 1.633762e+01
-3.100000e+01 1.870167e+01
-3.200000e+01 1.863262e+01
-3.000000e+01 1.875546e+01
-3.100000e+01 1.870167e+01
-2.900000e+01 1.877869e+01
-3.000000e+01 1.875546e+01
-2.800000e+01 1.875215e+01
-2.900000e+01 1.877869e+01
-2.700000e+01 1.866212e+01
-2.800000e+01 1.875215e+01
-2.600000e+01 1.851779e+01
-2.700000e+01 1.866212e+01
-2.500000e+01 1.836721e+01
-2.600000e+01 1.851779e+01
-2.400000e+01 1.826740e+01
-2.500000e+01 1.836721e+01
-2.000000e+01 1.791894e+01
-2.058727e+01 1.800000e+01
-1.900000e+01 1.777975e+01
-2.000000e+01 1.791894e+01
-1.800000e+01 1.764175e+01
-1.900000e+01 1.777975e+01
-1.700000e+01 1.749204e+01
-1.800000e+01 1.764175e+01
-1.600000e+01 1.731364e+01
-1.700000e+01 1.749204e+01
-2.300000e+01 1.820483e+01
-2.400000e+01 1.826740e+01
-2.200000e+01 1.813713e+01
-2.300000e+01 1.820483e+01
-2.100000e+01 1.804754e+01
-2.200000e+01 1.813713e+01
-2.058727e+01 1.800000e+01
-2.100000e+01 1.804754e+01
8.000000e+00 2.764526e+00
7.920368e+00 3.000000e+00
7.920368e+00 3.000000e+00
7.815952e+00 3.250000e+00
7.750000e+00 3.387601e+00
7.689119e+00 3.500000e+00
7.815952e+00 3.250000e+00
7.750000e+00 3.387601e+00
7.689119e+00 3.500000e+00
7.538057e+00 3.750000e+00
7.500000e+00 3.806720e+00
7.375022e+00 4.000000e+00
7.538057e+00 3.750000e+00
7.500000e+00 3.806720e+00
3.750000e+00 6.938286e+00
3.634948e+00 7.000000e+00
4.000000e+00 6.826780e+00
3.750000e+00 6.938286e+00
3.500000e+00 7.085386e+00
3.312021e+00 7.250000e+00
3.634948e+00 7.000000e+00
3.500000e+00 7.085386e+00
3.250000e+00 7.317620e+00
3.125983e+00 7.500000e+00
3.312021e+00 7.250000e+00
3.250000e+00 7.317620e+00
3.000000e+00 7.733292e+00
2.992750e+00 7.750000e+00
3.125983e+00 7.500000e+00
3.000000e+00 7.733292e+00
2.992750e+00 7.750000e+00
2.870982e+00 8.000000e+00
6.000000e+00 5.673171e+00
5.912633e+00 5.750000e+00
5.750000e+00 5.896480e+00
5.613841e+00 6.000000e+00
5.912633e+00 5.750000e+00
5.750000e+00 5.896480e+00
7.250000e+00 4.183499e+00
7.203685e+00 4.250000e+00
7.375022e+00 4.000000e+00
7.250000e+00 4.183499e+00
7.203685e+00 4.250000e+00
7.023291e+00 4.500000e+00
7.000000e+00 4.530868e+00
6.829540e+00 4.750000e+00
7.023291e+00 4.500000e+00
7.000000e+00 4.530868e+00
6.750000e+00 4.848849e+00
6.624318e+00 5.000000e+00
6.829540e+00 4.750000e+00
6.750000e+00 4.848849e+00
6.500000e+00 5.145645e+00
6.406960e+00 5.250000e+00
6.624318e+00 5.000000e+00
6.500000e+00 5.145645e+00
6.250000e+00 5.421909e+00
6.172639e+00 5.500000e+00
6.406960e+00 5.250000e+00
6.250000e+00 5.421909e+00
6.172639e+00 5.500000e+00
6.000000e+00 5.673171e+00
5.500000e+00 6.090072e+00
5.257775e+00 6.250000e+00
5.613841e+00 6.000000e+00
5.500000e+00 6.090072e+00
5.000000e+00 6.392771e+00
4.776819e+00 6.500000e+00
5.250000e+00 6.255374e+00
5.000000e+00 6.392771e+00
5.257775e+00 6.250000e+00
5.250000e+00 6.255374e+00
4.250000e+00 6.723668e+00
4.183121e+00 6.750000e+00
4.500000e+00 6.621280e+00
4.250000e+00 6.723668e+00
4.750000e+00 6.513416e+00
4.500000e+00 6.621280e+00
4.776819e+00 6.500000e+00
4.750000e+00 6.513416e+00
4.183121e+00 6.750000e+00
4.000000e+00 6.826780e+00
8.530953e+00 0.000000e+00
8.523157e+00 5.000000e-01
8.500000e+00 8.997573e-01
8.492491e+00 1.000000e+00
8.523157e+00 5.000000e-01
8.500000e+00 8.997573e-01
8.492491e+00 1.000000e+00
8.416814e+00 1.500000e+00
8.416814e+00 1.500000e+00
8.321464e+00 2.000000e+00
8.321464e+00 2.000000e+00
8.126663e+00 2.500000e+00
8.126663e+00 2.500000e+00
8.000000e+00 2.758206e+00
-8.000000e+00 1.546168e+01
-8.135610e+00 1.550000e+01
-1.050000e+01 1.595857e+01
-1.071027e+01 1.600000e+01
-1.000000e+01 1.587229e+01
-1.050000e+01 1.595857e+01
-9.500000e+00 1.577567e+01
-1.000000e+01 1.587229e+01
-9.000000e+00 1.568563e+01
-9.500000e+00 1.577567e+01
-8.500000e+00 1.558417e+01
-9.000000e+00 1.568563e+01
-8.135610e+00 1.550000e+01
-8.500000e+00 1.558417e+01
0.000000e+00 1.149184e+01
-1.042266e-02 1.150000e+01
-5.000000e-01 1.185029e+01
-7.174075e-01 1.200000e+01
-1.042266e-02 1.150000e+01
-5.000000e-01 1.185029e+01
-4.000000e+00 1.387209e+01
-4.263003e+00 1.400000e+01
-5.000000e+00 1.434356e+01
-5.355579e+00 1.450000e+01
-4.500000e+00 1.412002e+01
-5.000000e+00 1.434356e+01
-4.263003e+00 1.400000e+01
-4.500000e+00 1.412002e+01
-6.500000e+00 1.496558e+01
-6.597548e+00 1.500000e+01
-6.000000e+00 1.477694e+01
-6.500000e+00 1.496558e+01
-5.500000e+00 1.456677e+01
-6.000000e+00 1.477694e+01
-5.355579e+00 1.450000e+01
-5.500000e+00 1.456677e+01
-7.500000e+00 1.530308e+01
-8.000000e+00 1.546168e+01
-7.000000e+00 1.513817e+01
-7.500000e+00 1.530308e+01
-6.597548e+00 1.500000e+01
-7.000000e+00 1.513817e+01
-1.000000e+00 1.219067e+01
-1.491640e+00 1.250000e+01
-7.174075e-01 1.200000e+01
-1.000000e+00 1.219067e+01
-2.000000e+00 1.281214e+01
-2.328226e+00 1.300000e+01
-1.500000e+00 1.250562e+01
-2.000000e+00 1.281214e+01
-1.491640e+00 1.250000e+01
-1.500000e+00 1.250562e+01
-3.000000e+00 1.336457e+01
-3.258450e+00 1.350000e+01
-2.500000e+00 1.310213e+01
-3.000000e+00 1.336457e+01
-2.328226e+00 1.300000e+01
-2.500000e+00 1.310213e+01
-3.500000e+00 1.363124e+01
-4.000000e+00 1.387209e+01
-3.258450e+00 1.350000e+01
-3.500000e+00 1.363124e+01
-1.400000e+01 1.685647e+01
-1.460571e+01 1.700000e+01
-1.300000e+01 1.662445e+01
-1.400000e+01 1.685647e+01
-1.200000e+01 1.646801e+01
-1.300000e+01 1.662445e+01
-1.100000e+01 1.610303e+01
-1.200000e+01 1.646801e+01
-1.069348e+01 1.600000e+01
-1.100000e+01 1.610303e+01
-1.500000e+01 1.709818e+01
-1.600000e+01 1.731364e+01
-1.460571e+01 1.700000e+01
-1.500000e+01 1.709818e+01
2.875780e+00 8.000000e+00
2.680951e+00 8.500000e+00
2.500000e+00 8.810873e+00
2.393987e+00 9.000000e+00
2.680951e+00 8.500000e+00
2.500000e+00 8.810873e+00
2.393987e+00 9.000000e+00
2.048923e+00 9.500000e+00
2.000000e+00 9.559443e+00
1.638141e+00 1.000000e+01
2.048923e+00 9.500000e+00
2.000000e+00 9.559443e+00
1.500000e+00 1.014681e+01
1.162145e+00 1.050000e+01
1.638141e+00 1.000000e+01
1.500000e+00 1.014681e+01
1.000000e+00 1.065205e+01
6.144458e-01 1.100000e+01
1.162145e+00 1.050000e+01
1.000000e+00 1.065205e+01
5.000000e-01 1.109713e+01
0.000000e+00 1.149184e+01
6.144458e-01 1.100000e+01
5.000000e-01 1.109713e+01
