# density
-5.100000e+01 -1.080127e+00
-5.142024e+01 -1.000000e+00
-5.000000e+01 -1.270757e+00
-5.100000e+01 -1.080127e+00
-4.900000e+01 -1.460508e+00
-5.000000e+01 -1.270757e+00
-4.800000e+01 -1.650068e+00
-4.900000e+01 -1.460508e+00
-5.300000e+01 -1.558729e-02
-5.302504e+01 0.000000e+00
-5.200000e+01 -6.397533e-01
-5.300000e+01 -1.558729e-02
-5.142024e+01 -1.000000e+00
-5.200000e+01 -6.397533e-01
-4.600000e+01 -2.023390e+00
-4.616551e+01 -2.000000e+00
-4.500000e+01 -2.165748e+00
-4.600000e+01 -2.023390e+00
-4.400000e+01 -2.308434e+00
-4.500000e+01 -2.165748e+00
-4.300000e+01 -2.451773e+00
-4.400000e+01 -2.308434e+00
-4.200000e+01 -2.595718e+00
-4.300000e+01 -2.451773e+00
-4.100000e+01 -2.739596e+00
-4.200000e+01 -2.595718e+00
-4.000000e+01 -2.881827e+00
-4.100000e+01 -2.739596e+00
-4.700000e+01 -1.840158e+00
-4.800000e+01 -1.650068e+00
-4.616551e+01 -2.000000e+00
-4.700000e+01 -1.840158e+00
-3.900000e+01 -3.022586e+00
-3.914313e+01 -3.000000e+00
-3.800000e+01 -3.171111e+00
-3.900000e+01 -3.022586e+00
-3.700000e+01 -3.308038e+00
-3.800000e+01 -3.171111e+00
-3.600000e+01 -3.428490e+00
-3.700000e+01 -3.308038e+00
-3.500000e+01 -3.524994e+00
-3.600000e+01 -3.428490e+00
-3.400000e+01 -3.588740e+00
-3.500000e+01 -3.524994e+00
-3.300000e+01 -3.598557e+00
-3.400000e+01 -3.588740e+00
-3.200000e+01 -3.518513e+00
-3.300000e+01 -3.598557e+00
-3.914313e+01 -3.000000e+00
-4.000000e+01 -2.881827e+00
-2.100000e+01 -8.503700e+00
-2.101088e+01 -8.500000e+00
-2.050000e+01 -8.669755e+00
-2.100000e+01 -8.503700e+00
-2.000000e+01 -8.829045e+00
-2.050000e+01 -8.669755e+00
-2.200000e+01 -8.145436e+00
-2.237939e+01 -8.000000e+00
-2.150000e+01 -8.328176e+00
-2.200000e+01 -8.145436e+00
-2.101088e+01 -8.500000e+00
-2.150000e+01 -8.328176e+00
-1.650000e+01 -1.000970e+01
-1.653026e+01 -1.000000e+01
-1.600000e+01 -1.016563e+01
-1.650000e+01 -1.000970e+01
-1.750000e+01 -9.670047e+00
-1.798066e+01 -9.500000e+00
-1.700000e+01 -9.843210e+00
-1.750000e+01 -9.670047e+00
-1.653026e+01 -1.000000e+01
-1.700000e+01 -9.843210e+00
-1.900000e+01 -9.149844e+00
-1.945809e+01 -9.000000e+00
-1.850000e+01 -9.318947e+00
-1.900000e+01 -9.149844e+00
-1.800000e+01 -9.493065e+00
-1.850000e+01 -9.318947e+00
-1.798066e+01 -9.500000e+00
-1.800000e+01 -9.493065e+00
-1.950000e+01 -8.986415e+00
-2.000000e+01 -8.829045e+00
-1.945809e+01 -9.000000e+00
-1.950000e+01 -8.986415e+00
-2.800000e+01 -5.051168e+00
-2.806300e+01 -5.000000e+00
-2.850000e+01 -4.629654e+00
-2.863545e+01 -4.500000e+00
-2.806300e+01 -5.000000e+00
-2.850000e+01 -4.629654e+00
-2.900000e+01 -4.160835e+00
-2.919855e+01 -4.000000e+00
-2.863545e+01 -4.500000e+00
-2.900000e+01 -4.160835e+00
-2.450000e+01 -7.017390e+00
-2.453571e+01 -7.000000e+00
-2.400000e+01 -7.263745e+00
-2.450000e+01 -7.017390e+00
-2.550000e+01 -6.505766e+00
-2.551133e+01 -6.500000e+00
-2.500000e+01 -6.761939e+00
-2.550000e+01 -6.505766e+00
-2.453571e+01 -7.000000e+00
-2.500000e+01 -6.761939e+00
-2.600000e+01 -6.245571e+00
-2.646061e+01 -6.000000e+00
-2.551133e+01 -6.500000e+00
-2.600000e+01 -6.245571e+00
-2.700000e+01 -5.702149e+00
-2.733445e+01 -5.500000e+00
-2.650000e+01 -5.979066e+00
-2.700000e+01 -5.702149e+00
-2.646061e+01 -6.000000e+00
-2.650000e+01 -5.979066e+00
-2.750000e+01 -5.398811e+00
-2.800000e+01 -5.051168e+00
-2.733445e+01 -5.500000e+00
-2.750000e+01 -5.398811e+00
-3.185158e+01 -3.500000e+00
-3.200000e+01 -3.540360e+00
-3.000000e+01 -3.548487e+00
-3.018446e+01 -3.500000e+00
-2.950000e+01 -3.784056e+00
-3.000000e+01 -3.548487e+00
-2.919855e+01 -4.000000e+00
-2.950000e+01 -3.784056e+00
-3.185158e+01 -3.500000e+00
-3.150000e+01 -3.397889e+00
-3.100000e+01 -3.382698e+00
-3.150000e+01 -3.397889e+00
-3.050000e+01 -3.430393e+00
-3.100000e+01 -3.382698e+00
-3.018446e+01 -3.500000e+00
-3.050000e+01 -3.430393e+00
-2.350000e+01 -7.508027e+00
-2.351755e+01 -7.500000e+00
-2.300000e+01 -7.735270e+00
-2.350000e+01 -7.508027e+00
-2.250000e+01 -7.950494e+00
-2.300000e+01 -7.735270e+00
-2.237939e+01 -8.000000e+00
-2.250000e+01 -7.950494e+00
-2.351755e+01 -7.500000e+00
-2.400000e+01 -7.263745e+00
-1.250000e+01 -1.101114e+01
-1.256168e+01 -1.100000e+01
-1.200000e+01 -1.109489e+01
-1.250000e+01 -1.101114e+01
-1.450000e+01 -1.058312e+01
-1.482740e+01 -1.050000e+01
-1.400000e+01 -1.070280e+01
-1.450000e+01 -1.058312e+01
-1.350000e+01 -1.081414e+01
-1.400000e+01 -1.070280e+01
-1.300000e+01 -1.091701e+01
-1.350000e+01 -1.081414e+01
-1.256168e+01 -1.100000e+01
-1.300000e+01 -1.091701e+01
-1.550000e+01 -1.031363e+01
-1.600000e+01 -1.016563e+01
-1.500000e+01 -1.045371e+01
-1.550000e+01 -1.031363e+01
-1.482740e+01 -1.050000e+01
-1.500000e+01 -1.045371e+01
-1.150000e+01 -1.116964e+01
-1.200000e+01 -1.109489e+01
-1.100000e+01 -1.123510e+01
-1.150000e+01 -1.116964e+01
-1.050000e+01 -1.129088e+01
-1.100000e+01 -1.123510e+01
-1.000000e+01 -1.133655e+01
-1.050000e+01 -1.129088e+01
-9.500000e+00 -1.137165e+01
-1.000000e+01 -1.133655e+01
-9.000000e+00 -1.139556e+01
-9.500000e+00 -1.137165e+01
-8.500000e+00 -1.140744e+01
-9.000000e+00 -1.139556e+01
-8.000000e+00 -1.140642e+01
-8.500000e+00 -1.140744e+01
-7.500000e+00 -1.139172e+01
-8.000000e+00 -1.140642e+01
-7.000000e+00 -1.136275e+01
-7.500000e+00 -1.139172e+01
-6.500000e+00 -1.131898e+01
-7.000000e+00 -1.136275e+01
-6.000000e+00 -1.125959e+01
-6.500000e+00 -1.131898e+01
-5.500000e+00 -1.118306e+01
-6.000000e+00 -1.125959e+01
-5.000000e+00 -1.108711e+01
-5.500000e+00 -1.118306e+01
-4.632742e+00 -1.100000e+01
-5.000000e+00 -1.108711e+01
-4.632742e+00 -1.100000e+01
-4.500000e+00 -1.096968e+01
-4.000000e+00 -1.083242e+01
-4.500000e+00 -1.096968e+01
-3.500000e+00 -1.067190e+01
-4.000000e+00 -1.083242e+01
-3.043993e+00 -1.050000e+01
-3.500000e+00 -1.067190e+01
-3.043993e+00 -1.050000e+01
-3.000000e+00 -1.048389e+01
-2.500000e+00 -1.027284e+01
-3.000000e+00 -1.048389e+01
-2.000000e+00 -1.002973e+01
-2.500000e+00 -1.027284e+01
-1.946478e+00 -1.000000e+01
-2.000000e+00 -1.002973e+01
-1.946478e+00 -1.000000e+01
-1.500000e+00 -9.759735e+00
-1.074596e+00 -9.500000e+00
-1.500000e+00 -9.759735e+00
-1.074596e+00 -9.500000e+00
-1.000000e+00 -9.455726e+00
-5.000000e-01 -9.128119e+00
-1.000000e+00 -9.455726e+00
-3.241902e-01 -9.000000e+00
-5.000000e-01 -9.128119e+00
-3.241902e-01 -9.000000e+00
0.000000e+00 -8.773561e+00
3.526201e-01 -8.500000e+00
0.000000e+00 -8.773561e+00
3.526201e-01 -8.500000e+00
5.000000e-01 -8.376469e+00
9.023922e-01 -8.000000e+00
5.000000e-01 -8.376469e+00
8.938845e-01 -8.000000e+00
1.000000e+00 -7.936259e+00
1.250000e+00 -7.758521e+00
1.000000e+00 -7.936259e+00
1.262110e+00 -7.750000e+00
1.250000e+00 -7.758521e+00
1.262110e+00 -7.750000e+00
1.500000e+00 -7.510236e+00
1.509574e+00 -7.500000e+00
1.500000e+00 -7.510236e+00
1.509574e+00 -7.500000e+00
1.732671e+00 -7.250000e+00
1.732671e+00 -7.250000e+00
1.750000e+00 -7.229218e+00
1.927623e+00 -7.000000e+00
1.750000e+00 -7.229218e+00
1.927623e+00 -7.000000e+00
2.000000e+00 -6.896382e+00
2.094727e+00 -6.750000e+00
2.000000e+00 -6.896382e+00
2.094727e+00 -6.750000e+00
2.236365e+00 -6.500000e+00
2.236365e+00 -6.500000e+00
2.250000e+00 -6.473010e+00
2.356276e+00 -6.250000e+00
2.250000e+00 -6.473010e+00
2.356276e+00 -6.250000e+00
2.461197e+00 -6.000000e+00
2.461197e+00 -6.000000e+00
2.500000e+00 -5.894424e+00
2.550208e+00 -5.750000e+00
2.500000e+00 -5.894424e+00
2.550208e+00 -5.750000e+00
2.616950e+00 -5.500000e+00
2.616950e+00 -5.500000e+00
2.658297e+00 -5.250000e+00
2.658297e+00 -5.250000e+00
2.673216e+00 -5.000000e+00
2.673216e+00 -5.000000e+00
2.663235e+00 -4.750000e+00
2.663235e+00 -4.750000e+00
2.632082e+00 -4.500000e+00
2.632082e+00 -4.500000e+00
2.584630e+00 -4.250000e+00
2.584630e+00 -4.250000e+00
2.537593e+00 -4.000000e+00
2.500000e+00 -3.895618e+00
2.493131e+00 -3.875000e+00
2.535606e+00 -4.000000e+00
2.500000e+00 -3.895618e+00
2.493131e+00 -3.875000e+00
2.446540e+00 -3.750000e+00
2.446540e+00 -3.750000e+00
2.402792e+00 -3.625000e+00
2.375000e+00 -3.515989e+00
2.371045e+00 -3.500000e+00
2.402792e+00 -3.625000e+00
2.375000e+00 -3.515989e+00
2.371045e+00 -3.500000e+00
2.365733e+00 -3.375000e+00
2.365733e+00 -3.375000e+00
2.375000e+00 -3.329503e+00
2.396350e+00 -3.250000e+00
2.375000e+00 -3.329503e+00
2.396350e+00 -3.250000e+00
2.465751e+00 -3.125000e+00
2.465751e+00 -3.125000e+00
2.500000e+00 -3.082760e+00
2.584592e+00 -3.000000e+00
2.500000e+00 -3.082760e+00
2.584592e+00 -3.000000e+00
2.625000e+00 -2.973964e+00
2.750000e+00 -2.916540e+00
2.625000e+00 -2.973964e+00
2.875000e+00 -2.881283e+00
2.750000e+00 -2.916540e+00
2.913016e+00 -2.875000e+00
2.875000e+00 -2.881283e+00
2.913016e+00 -2.875000e+00
3.000000e+00 -2.864592e+00
3.125000e+00 -2.855664e+00
3.000000e+00 -2.864592e+00
3.250000e+00 -2.847944e+00
3.125000e+00 -2.855664e+00
3.375000e+00 -2.837648e+00
3.250000e+00 -2.847944e+00
3.500000e+00 -2.822807e+00
3.375000e+00 -2.837648e+00
3.625000e+00 -2.802899e+00
3.500000e+00 -2.822807e+00
3.750000e+00 -2.778205e+00
3.625000e+00 -2.802899e+00
3.870354e+00 -2.750000e+00
3.750000e+00 -2.778205e+00
3.870354e+00 -2.750000e+00
3.875000e+00 -2.748798e+00
4.000000e+00 -2.702629e+00
3.875000e+00 -2.748798e+00
4.250000e+00 -2.642361e+00
4.000000e+00 -2.703795e+00
4.500000e+00 -2.564670e+00
4.250000e+00 -2.642361e+00
4.672816e+00 -2.500000e+00
4.500000e+00 -2.564670e+00
4.672816e+00 -2.500000e+00
4.750000e+00 -2.463068e+00
5.000000e+00 -2.321256e+00
4.750000e+00 -2.463068e+00
5.104350e+00 -2.250000e+00
5.000000e+00 -2.321256e+00
5.104350e+00 -2.250000e+00
5.250000e+00 -2.109017e+00
5.348864e+00 -2.000000e+00
5.250000e+00 -2.109017e+00
-5.302504e+01 0.000000e+00
-5.300000e+01 1.558729e-02
-5.200000e+01 6.397533e-01
-5.300000e+01 1.558729e-02
-5.142024e+01 1.000000e+00
-5.200000e+01 6.397533e-01
-5.142024e+01 1.000000e+00
-5.100000e+01 1.080127e+00
-5.000000e+01 1.270757e+00
-5.100000e+01 1.080127e+00
-4.900000e+01 1.460508e+00
-5.000000e+01 1.270757e+00
-4.800000e+01 1.650068e+00
-4.900000e+01 1.460508e+00
-4.700000e+01 1.840158e+00
-4.800000e+01 1.650068e+00
-4.616551e+01 2.000000e+00
-4.700000e+01 1.840158e+00
-4.616551e+01 2.000000e+00
-4.600000e+01 2.023390e+00
-4.500000e+01 2.165748e+00
-4.600000e+01 2.023390e+00
-4.400000e+01 2.308434e+00
-4.500000e+01 2.165748e+00
-4.300000e+01 2.451773e+00
-4.400000e+01 2.308434e+00
-4.200000e+01 2.595718e+00
-4.300000e+01 2.451773e+00
-4.100000e+01 2.739596e+00
-4.200000e+01 2.595718e+00
-4.000000e+01 2.881827e+00
-4.100000e+01 2.739596e+00
-3.914313e+01 3.000000e+00
-4.000000e+01 2.881827e+00
-3.914313e+01 3.000000e+00
-3.900000e+01 3.022586e+00
-3.800000e+01 3.171111e+00
-3.900000e+01 3.022586e+00
-3.700000e+01 3.308038e+00
-3.800000e+01 3.171111e+00
-3.600000e+01 3.428490e+00
-3.700000e+01 3.308038e+00
-3.500000e+01 3.524994e+00
-3.600000e+01 3.428490e+00
-3.400000e+01 3.588740e+00
-3.500000e+01 3.524994e+00
-3.300000e+01 3.598557e+00
-3.400000e+01 3.588740e+00
-3.200000e+01 3.518513e+00
-3.300000e+01 3.598557e+00
-3.150000e+01 3.397889e+00
-3.185158e+01 3.500000e+00
-3.100000e+01 3.382698e+00
-3.150000e+01 3.397889e+00
-3.050000e+01 3.430393e+00
-3.100000e+01 3.382698e+00
-3.018446e+01 3.500000e+00
-3.050000e+01 3.430393e+00
-3.185158e+01 3.500000e+00
-3.200000e+01 3.540360e+00
-3.018446e+01 3.500000e+00
-3.000000e+01 3.548487e+00
-2.950000e+01 3.784056e+00
-3.000000e+01 3.548487e+00
-2.919855e+01 4.000000e+00
-2.950000e+01 3.784056e+00
-2.919855e+01 4.000000e+00
-2.900000e+01 4.160835e+00
-2.863545e+01 4.500000e+00
-2.900000e+01 4.160835e+00
-2.863545e+01 4.500000e+00
-2.850000e+01 4.629654e+00
-2.806300e+01 5.000000e+00
-2.850000e+01 4.629654e+00
-2.806300e+01 5.000000e+00
-2.800000e+01 5.051168e+00
-2.750000e+01 5.398811e+00
-2.800000e+01 5.051168e+00
-2.733445e+01 5.500000e+00
-2.750000e+01 5.398811e+00
-2.733445e+01 5.500000e+00
-2.700000e+01 5.702149e+00
-2.650000e+01 5.979066e+00
-2.700000e+01 5.702149e+00
-2.646061e+01 6.000000e+00
-2.650000e+01 5.979066e+00
-2.646061e+01 6.000000e+00
-2.600000e+01 6.245571e+00
-2.551133e+01 6.500000e+00
-2.600000e+01 6.245571e+00
-2.551133e+01 6.500000e+00
-2.550000e+01 6.505766e+00
-2.500000e+01 6.761939e+00
-2.550000e+01 6.505766e+00
-2.453571e+01 7.000000e+00
-2.500000e+01 6.761939e+00
-2.453571e+01 7.000000e+00
-2.450000e+01 7.017390e+00
-2.400000e+01 7.263745e+00
-2.450000e+01 7.017390e+00
-2.351755e+01 7.500000e+00
-2.400000e+01 7.263745e+00
-2.351755e+01 7.500000e+00
-2.350000e+01 7.508027e+00
-2.300000e+01 7.735270e+00
-2.350000e+01 7.508027e+00
-2.250000e+01 7.950494e+00
-2.300000e+01 7.735270e+00
-2.237939e+01 8.000000e+00
-2.250000e+01 7.950494e+00
-2.237939e+01 8.000000e+00
-2.200000e+01 8.145436e+00
-2.150000e+01 8.328176e+00
-2.200000e+01 8.145436e+00
-2.101088e+01 8.500000e+00
-2.150000e+01 8.328176e+00
-2.101088e+01 8.500000e+00
-2.100000e+01 8.503700e+00
-2.050000e+01 8.669755e+00
-2.100000e+01 8.503700e+00
-2.000000e+01 8.829045e+00
-2.050000e+01 8.669755e+00
-1.950000e+01 8.986415e+00
-2.000000e+01 8.829045e+00
-1.945809e+01 9.000000e+00
-1.950000e+01 8.986415e+00
-1.945809e+01 9.000000e+00
-1.900000e+01 9.149844e+00
-1.850000e+01 9.318947e+00
-1.900000e+01 9.149844e+00
-1.800000e+01 9.493065e+00
-1.850000e+01 9.318947e+00
-1.798066e+01 9.500000e+00
-1.800000e+01 9.493065e+00
-1.798066e+01 9.500000e+00
-1.750000e+01 9.670047e+00
-1.700000e+01 9.843210e+00
-1.750000e+01 9.670047e+00
-1.653026e+01 1.000000e+01
-1.700000e+01 9.843210e+00
-1.653026e+01 1.000000e+01
-1.650000e+01 1.000970e+01
-1.600000e+01 1.016563e+01
-1.650000e+01 1.000970e+01
-1.550000e+01 1.031363e+01
-1.600000e+01 1.016563e+01
-1.500000e+01 1.045371e+01
-1.550000e+01 1.031363e+01
-1.482740e+01 1.050000e+01
-1.500000e+01 1.045371e+01
-1.482740e+01 1.050000e+01
-1.450000e+01 1.058312e+01
-1.400000e+01 1.070280e+01
-1.450000e+01 1.058312e+01
-1.350000e+01 1.081414e+01
-1.400000e+01 1.070280e+01
-1.300000e+01 1.091701e+01
-1.350000e+01 1.081414e+01
-1.256168e+01 1.100000e+01
-1.300000e+01 1.091701e+01
-1.256168e+01 1.100000e+01
-1.250000e+01 1.101114e+01
-1.200000e+01 1.109489e+01
-1.250000e+01 1.101114e+01
3.000000e+00 2.864592e+00
2.913016e+00 2.875000e+00
2.625000e+00 2.973964e+00
2.584592e+00 3.000000e+00
2.750000e+00 2.916540e+00
2.625000e+00 2.973964e+00
2.875000e+00 2.881283e+00
2.750000e+00 2.916540e+00
2.913016e+00 2.875000e+00
2.875000e+00 2.881283e+00
3.875000e+00 2.748798e+00
3.870354e+00 2.750000e+00
4.000000e+00 2.702629e+00
3.875000e+00 2.748798e+00
3.125000e+00 2.855664e+00
3.000000e+00 2.864592e+00
3.250000e+00 2.847944e+00
3.125000e+00 2.855664e+00
3.375000e+00 2.837648e+00
3.250000e+00 2.847944e+00
3.500000e+00 2.822807e+00
3.375000e+00 2.837648e+00
3.625000e+00 2.802899e+00
3.500000e+00 2.822807e+00
3.750000e+00 2.778205e+00
3.625000e+00 2.802899e+00
3.870354e+00 2.750000e+00
3.750000e+00 2.778205e+00
2.500000e+00 3.082760e+00
2.465751e+00 3.125000e+00
2.584592e+00 3.000000e+00
2.500000e+00 3.082760e+00
2.465751e+00 3.125000e+00
2.396350e+00 3.250000e+00
2.375000e+00 3.329503e+00
2.365733e+00 3.375000e+00
2.396350e+00 3.250000e+00
2.375000e+00 3.329503e+00
2.365733e+00 3.375000e+00
2.371045e+00 3.500000e+00
2.371045e+00 3.500000e+00
2.375000e+00 3.515989e+00
2.402792e+00 3.625000e+00
2.375000e+00 3.515989e+00
2.402792e+00 3.625000e+00
2.446540e+00 3.750000e+00
2.446540e+00 3.750000e+00
2.493131e+00 3.875000e+00
2.493131e+00 3.875000e+00
2.500000e+00 3.895618e+00
2.535606e+00 4.000000e+00
2.500000e+00 3.895618e+00
5.748581e+00 0.000000e+00
5.747265e+00 2.500000e-01
5.747265e+00 2.500000e-01
5.741933e+00 5.000000e-01
5.741933e+00 5.000000e-01
5.729667e+00 7.500000e-01
5.729667e+00 7.500000e-01
5.706625e+00 1.000000e+00
5.706625e+00 1.000000e+00
5.667155e+00 1.250000e+00
5.667155e+00 1.250000e+00
5.603113e+00 1.500000e+00
5.603113e+00 1.500000e+00
5.503376e+00 1.750000e+00
5.500000e+00 1.755861e+00
5.348864e+00 2.000000e+00
5.503376e+00 1.750000e+00
5.500000e+00 1.755861e+00
5.250000e+00 2.109017e+00
5.104350e+00 2.250000e+00
5.348864e+00 2.000000e+00
5.250000e+00 2.109017e+00
4.750000e+00 2.463068e+00
4.672816e+00 2.500000e+00
5.000000e+00 2.321256e+00
4.750000e+00 2.463068e+00
5.104350e+00 2.250000e+00
5.000000e+00 2.321256e+00
4.250000e+00 2.642361e+00
4.000000e+00 2.703795e+00
4.500000e+00 2.564670e+00
4.250000e+00 2.642361e+00
4.672816e+00 2.500000e+00
4.500000e+00 2.564670e+00
2.537593e+00 4.000000e+00
2.584630e+00 4.250000e+00
2.584630e+00 4.250000e+00
2.632082e+00 4.500000e+00
2.632082e+00 4.500000e+00
2.663235e+00 4.750000e+00
2.663235e+00 4.750000e+00
2.673216e+00 5.000000e+00
2.673216e+00 5.000000e+00
2.658297e+00 5.250000e+00
2.658297e+00 5.250000e+00
2.616950e+00 5.500000e+00
2.616950e+00 5.500000e+00
2.550208e+00 5.750000e+00
2.500000e+00 5.894424e+00
2.461197e+00 6.000000e+00
2.550208e+00 5.750000e+00
2.500000e+00 5.894424e+00
2.000000e+00 6.896382e+00
1.927623e+00 7.000000e+00
1.750000e+00 7.229218e+00
1.732671e+00 7.250000e+00
1.927623e+00 7.000000e+00
1.750000e+00 7.229218e+00
1.732671e+00 7.250000e+00
1.509574e+00 7.500000e+00
1.500000e+00 7.510236e+00
1.262110e+00 7.750000e+00
1.509574e+00 7.500000e+00
1.500000e+00 7.510236e+00
1.000000e+00 7.936259e+00
8.938845e-01 8.000000e+00
1.250000e+00 7.758521e+00
1.000000e+00 7.936259e+00
1.262110e+00 7.750000e+00
1.250000e+00 7.758521e+00
2.461197e+00 6.000000e+00
2.356276e+00 6.250000e+00
2.250000e+00 6.473010e+00
2.236365e+00 6.500000e+00
2.356276e+00 6.250000e+00
2.250000e+00 6.473010e+00
2.236365e+00 6.500000e+00
2.094727e+00 6.750000e+00
2.094727e+00 6.750000e+00
2.000000e+00 6.896382e+00
5.348864e+00 -2.000000e+00
5.500000e+00 -1.755861e+00
5.503376e+00 -1.750000e+00
5.500000e+00 -1.755861e+00
5.503376e+00 -1.750000e+00
5.603113e+00 -1.500000e+00
5.603113e+00 -1.500000e+00
5.667155e+00 -1.250000e+00
5.667155e+00 -1.250000e+00
5.706625e+00 -1.000000e+00
5.706625e+00 -1.000000e+00
5.729667e+00 -7.500000e-01
5.729667e+00 -7.500000e-01
5.741933e+00 -5.000000e-01
5.741933e+00 -5.000000e-01
5.747265e+00 -2.500000e-01
5.747265e+00 -2.500000e-01
5.748581e+00 0.000000e+00
-1.150000e+01 1.116964e+01
-1.200000e+01 1.109489e+01
-1.100000e+01 1.123510e+01
-1.150000e+01 1.116964e+01
-1.050000e+01 1.129088e+01
-1.100000e+01 1.123510e+01
-1.000000e+01 1.133655e+01
-1.050000e+01 1.129088e+01
-9.500000e+00 1.137165e+01
-1.000000e+01 1.133655e+01
-9.000000e+00 1.139556e+01
-9.500000e+00 1.137165e+01
-8.500000e+00 1.140744e+01
-9.000000e+00 1.139556e+01
-8.000000e+00 1.140642e+01
-8.500000e+00 1.140744e+01
-4.500000e+00 1.096968e+01
-4.632742e+00 1.100000e+01
-4.000000e+00 1.083242e+01
-4.500000e+00 1.096968e+01
-7.500000e+00 1.139172e+01
-8.000000e+00 1.140642e+01
-7.000000e+00 1.136275e+01
-7.500000e+00 1.139172e+01
-6.500000e+00 1.131898e+01
-7.000000e+00 1.136275e+01
-6.000000e+00 1.125959e+01
-6.500000e+00 1.131898e+01
-5.500000e+00 1.118306e+01
-6.000000e+00 1.125959e+01
-5.000000e+00 1.108711e+01
-5.500000e+00 1.118306e+01
-4.632742e+00 1.100000e+01
-5.000000e+00 1.108711e+01
0.000000e+00 8.773561e+00
-3.241902e-01 9.000000e+00
-1.000000e+00 9.455726e+00
-1.074596e+00 9.500000e+00
-5.000000e-01 9.128119e+00
-1.000000e+00 9.455726e+00
-3.241902e-01 9.000000e+00
-5.000000e-01 9.128119e+00
-1.500000e+00 9.759735e+00
-1.946478e+00 1.000000e+01
-1.074596e+00 9.500000e+00
-1.500000e+00 9.759735e+00
-3.000000e+00 1.048389e+01
-3.043993e+00 1.050000e+01
-2.500000e+00 1.027284e+01
-3.000000e+00 1.048389e+01
-2.000000e+00 1.002973e+01
-2.500000e+00 1.027284e+01
-1.946478e+00 1.000000e+01
-2.000000e+00 1.002973e+01
-3.500000e+00 1.067190e+01
-4.000000e+00 1.083242e+01
-3.043993e+00 1.050000e+01
-3.500000e+00 1.067190e+01
5.000000e-01 8.376469e+00
3.526201e-01 8.500000e+00
9.023922e-01 8.000000e+00
5.000000e-01 8.376469e+00
3.526201e-01 8.500000e+00
0.000000e+00 8.773561e+00
