Sw H + Iono O	North to South	T = 12:00:00	
Nightside		Dayside	
X[R]	Z[R]	X[R]	Z[R]
-0.101362272	-0.39880261	0.099919185	-0.398311901
-0.107957236	-0.416060141	0.106509171	-0.415556406
-0.115688421	-0.436290905	0.114145754	-0.435539618
-0.124541354	-0.459457031	0.122952182	-0.45858405
-0.134374267	-0.484717271	0.132690835	-0.483679258
-0.145858519	-0.512844938	0.144003017	-0.511585505
-0.157273039	-0.539452319	0.15533151	-0.538242587
-0.168918913	-0.565402768	0.16688113	-0.564265148
-0.180966041	-0.59113226	0.178816552	-0.590004936
-0.193152816	-0.616740385	0.190929563	-0.615675544
-0.205770104	-0.64270918	0.203408688	-0.641666812
-0.219070829	-0.668824081	0.216566527	-0.667830639
-0.232849401	-0.694775426	0.23021744	-0.693861347
-0.246825219	-0.720365099	0.244038971	-0.719548409
-0.260804696	-0.745545635	0.257895409	-0.744801123
-0.275258309	-0.771380622	0.272248521	-0.770685581
-0.28985381	-0.797051658	0.286727226	-0.796413063
-0.304680252	-0.822344777	0.301436911	-0.821765087
-0.319855314	-0.847662593	0.316472994	-0.847131226
-0.335050857	-0.872743982	0.331548624	-0.872295745
-0.350769455	-0.897952875	0.347114418	-0.897594119
-0.36699689	-0.923081175	0.363172379	-0.922808014
-0.383425077	-0.947909445	0.379484323	-0.947747342
-0.394933946	-0.965039145	0.390913295	-0.964936264
-0.402739196	-0.976573698	0.398655659	-0.976497494
-0.408005162	-0.984338159	0.403885489	-0.984287021
-0.411530106	-0.989538828	0.407385362	-0.989504946
-0.41388661	-0.993017131	0.409724673	-0.992994995
-0.415460576	-0.995341085	0.411286955	-0.995326892
-0.416511221	-0.996892682	0.412329709	-0.996883835
-0.417212249	-0.99792811	0.413025431	-0.99792285
-0.417679868	-0.998618856	0.413489493	-0.998615998
-0.417991733	-0.99907956	0.413798977	-0.999078307
-0.418199697	-0.999386787	0.414005349	-0.999386607
-0.418338363	-0.999591646	0.414142952	-0.999592182
-0.418430817	-0.999728237	0.414234697	-0.999729251
-0.418492458	-0.999819305	0.414295865	-0.999820638
-0.418533555	-0.999880021	0.414336645	-0.999881566
-0.418560953	-0.9999205	0.414363833	-0.999922187
-0.418579219	-0.999947487	0.414381959	-0.999949268
-0.418591396	-0.999965478	0.414394042	-0.999967323
-0.418599515	-0.999977473	0.414402098	-0.999979359
-0.418604927	-0.999985469	0.414407469	-0.999987383
-0.418608535	-0.9999908	0.41441105	-0.999992733
-0.418610941	-0.999994354	0.414413437	-0.999996299
-0.418612544	-0.999996723	0.414415028	-0.999998677
-0.418613614	-0.999998303	0.414416089	-1.000000262
-0.418614718	-1.000000118	0.41441715	-1.000001847
-0.418618959	-1.0000062	0.414419272	-1.000005017
-0.418627512	-1.000018837	0.414423515	-1.000011358
-0.418644617	-1.000044108	0.414491405	-1.000112786
-0.418678828	-1.000094649	0.414627177	-1.000315606
-0.418815651	-1.000296761	0.415169958	-1.001126066
-0.41936264	-1.001104379	0.416255043	-1.002744541
-0.420456172	-1.002717132	0.418423263	-1.005971592
-0.4374411	-1.027434727	0.422751536	-1.01238507
-0.454696489	-1.051885513	0.439692497	-1.037095497
-0.472274057	-1.076241385	0.456913111	-1.061611559
-0.490006606	-1.100367317	0.474388399	-1.086004211
-0.507875917	-1.124285711	0.492010396	-1.110167855
-0.52609962	-1.148333559	0.509868119	-1.134240157
-0.544462948	-1.172183107	0.528007492	-1.158312433
-0.563010365	-1.19582073	0.546298091	-1.182167846
-0.581802588	-1.219376706	0.564797954	-1.205876721
-0.600710379	-1.242738566	0.583487788	-1.229478871
-0.619924706	-1.265993213	0.602313699	-1.252901901
-0.639443432	-1.289136059	0.621521337	-1.276284944
-0.659090374	-1.312076703	0.640961132	-1.299464623
-0.678892403	-1.334865299	0.660521015	-1.322449545
-0.69887763	-1.357571436	0.680250386	-1.34533265
-0.718993824	-1.380123088	0.70011493	-1.368114892
-0.739410884	-1.402560208	0.72018445	-1.390773647
-0.760077295	-1.424807476	0.740550614	-1.413282972
-0.780867743	-1.446856722	0.761123169	-1.435593081
-0.801804034	-1.468785681	0.781812058	-1.457711904
-0.822886017	-1.490614995	0.802660515	-1.479753173
-0.844132849	-1.512298791	0.823622844	-1.501683375
-0.86564132	-1.53382173	0.844800718	-1.523478983
-0.887354442	-1.55515279	0.866242118	-1.545093199
-0.909184703	-1.576299045	0.887851968	-1.566508404
-0.931167159	-1.597337424	0.909572352	-1.587744963
-0.953274382	-1.618250684	0.93145785	-1.608910282
-0.96863484	-1.632610592	0.953455398	-1.629943013
-0.978993244	-1.642186417	0.968759947	-1.644378709
-0.985956149	-1.648569879	0.979083083	-1.654000712
-0.990620614	-1.652824462	0.986018402	-1.660416512
-0.993739682	-1.655659981	0.990662665	-1.664692466
-0.99582331	-1.657549908	0.993768246	-1.667542448
-0.997214301	-1.658809664	0.995842874	-1.669442113
-0.99814248	-1.659649411	0.997227862	-1.670708404
-0.998761648	-1.660209201	0.998152039	-1.671552527
-0.999174595	-1.660582376	0.998768537	-1.672115243
-0.999449969	-1.660831151	0.999179704	-1.672490373
-0.999633585	-1.660996997	0.999453892	-1.672740453
-0.999756011	-1.661107559	0.999636717	-1.67290717
-0.999837635	-1.661181267	0.999758615	-1.673018313
-0.999892054	-1.661230405	0.999839887	-1.673092408
-0.999928334	-1.661263164	0.999894072	-1.673141804
-0.999952522	-1.661285003	0.999930196	-1.673174735
-0.999968647	-1.661299562	0.999954279	-1.673196689
-0.999979398	-1.661309268	0.999970335	-1.673211325
-0.999986565	-1.661315739	0.999981039	-1.673221082
-0.999991343	-1.661320053	0.999988175	-1.673227587
-0.999994528	-1.661322929	0.999992933	-1.673231923
-0.999996651	-1.661324846	0.999996104	-1.673234814
-0.999998067	-1.661326124	0.999998219	-1.673236742
-1.000000517	-1.661327619	1.000000372	-1.673238112
-1.000002314	-1.661329959	1.000001038	-1.673239312
-1.00001364	-1.661340184	1.000012315	-1.673249591
-1.000036291	-1.661360634	1.000034868	-1.673270149
-1.000081592	-1.661401533	1.000079974	-1.673311263
-1.000262778	-1.661565103	1.000170184	-1.673393486
-1.000625106	-1.661892159	1.000350592	-1.673557912
-1.002073142	-1.663198639	1.001071897	-1.674215178
-1.004966405	-1.665806208	1.002513788	-1.675528369
-1.016454587	-1.676121471	1.008260123	-1.680752622
-1.039225629	-1.696375458	1.019703418	-1.691111307
-1.062147187	-1.716506002	1.042381506	-1.71145472
-1.085197791	-1.736494932	1.065222163	-1.73170556
-1.108382274	-1.75630566	1.088162013	-1.751802222
-1.13179224	-1.775967053	1.111294431	-1.77173378
-1.155349367	-1.795447936	1.134638303	-1.791486755
-1.179012934	-1.814754365	1.158100213	-1.811059243
-1.2028417	-1.833926994	1.181680567	-1.830480036
-1.226793523	-1.852926833	1.205412138	-1.849772534
-1.250860201	-1.871722504	1.229249874	-1.86889057
-1.275129279	-1.890400817	1.253259056	-1.887841963
-1.299513367	-1.908910072	1.277434367	-1.906649575
-1.324019339	-1.927220081	1.30169815	-1.925300537
-1.348715458	-1.945364358	1.326073306	-1.943804446
-1.373547869	-1.963284484	1.350564115	-1.96217899
-1.390747198	-1.975525313	1.367501478	-1.974763244
-1.402300837	-1.983687777	1.378872585	-1.98315699
-1.410040573	-1.989128932	1.386486411	-1.988759856
-1.415215603	-1.9927548	1.391576721	-1.992502328
-1.418672489	-1.995171287	1.394974876	-1.995000094
-1.420980163	-1.996781923	1.397242382	-1.996666519
-1.422519993	-1.997855517	1.398754978	-1.997778025
-1.423547163	-1.998571172	1.399763789	-1.998519277
-1.424232218	-1.999048241	1.400436513	-1.999013556
-1.424689043	-1.999366273	1.400885078	-1.999343125
-1.424993648	-1.999578287	1.401184158	-1.999562859
-1.425196742	-1.999719626	1.401383561	-1.999709358
-1.425332149	-1.999813851	1.401516503	-1.999807029
-1.425422425	-1.999876668	1.401605135	-1.999872144
-1.425482611	-1.999918545	1.401664224	-1.999915556
-1.425522737	-1.999946463	1.401703617	-1.999944497
-1.425549487	-1.999965075	1.40172988	-1.999963791
-1.425567321	-1.999977483	1.401747388	-1.999976654
-1.42557921	-1.999985755	1.401759061	-1.999985229
-1.425587136	-1.999991269	1.401766842	-1.999990946
-1.425592421	-1.999994946	1.40177203	-1.999994758
-1.425595943	-1.999997397	1.401775488	-1.999997298
-1.425598292	-1.999999031	1.401777794	-1.999998992
-1.425599858	-2.00000012	1.401779331	-2.000000122
-1.425601423	-2.000001209	1.401780868	-2.000001251
-1.425607686	-2.000005566	1.401783942	-2.000003509
-1.425632737	-2.000022995	1.401790091	-2.000008027
-1.425732936	-2.000092703	1.401802388	-2.000017061
-1.426133674	-2.000371441	1.401851574	-2.000053196
-1.438865988	-2.00918298	1.401949943	-2.000125463
-1.464207773	-2.026454567	1.402736518	-2.00070327
-1.489742186	-2.043493264	1.405877697	-2.003009843
-1.515431192	-2.060302441	1.412147082	-2.007609123
-1.541237493	-2.076904097	1.436877281	-2.025692456
-1.567183825	-2.093333697	1.461641673	-2.043701817
-1.593243638	-2.109568902	1.486480076	-2.061669538
-1.619416645	-2.125588645	1.511343286	-2.079582232
-1.645750044	-2.14143132	1.536229356	-2.097468929
-1.672182461	-2.157082893	1.561164614	-2.115343446
-1.698712239	-2.172535622	1.586145199	-2.13313908
-1.72538526	-2.187801765	1.611228241	-2.150806878
-1.752170736	-2.202853243	1.636442037	-2.168339201
-1.779062574	-2.217720431	1.661733277	-2.185743078
-1.806067902	-2.232442505	1.687100855	-2.203035778
-1.833157274	-2.246989226	1.712562677	-2.220221259
-1.860347443	-2.261332887	1.738093206	-2.237271284
-1.887681962	-2.275481623	1.763709553	-2.254202598
-1.915114491	-2.289440707	1.789428624	-2.271034854
-1.942616215	-2.30320431	1.81521447	-2.287734545
-1.961617776	-2.312571956	1.841090418	-2.304304768
-1.974356069	-2.318784875	1.86706359	-2.320740018
-1.982879617	-2.322911227	1.893113785	-2.337048908
-1.98857617	-2.325654899	1.919238743	-2.353264786
-1.992380254	-2.327480708	1.945429301	-2.369387653
-1.994919168	-2.328696417	1.963497499	-2.380421135
-1.996613055	-2.329506216	1.97560932	-2.38776724
-1.997742883	-2.33004578	1.983714926	-2.392658319
-1.998496355	-2.330405354	1.989133727	-2.395916882
-1.998998783	-2.33064501	1.992752095	-2.398087822
-1.999333785	-2.330804754	1.995166954	-2.39953446
-1.999557143	-2.330911237	1.996778029	-2.400498589
-1.999706057	-2.330982221	1.997852601	-2.401141208
-1.999805338	-2.331029542	1.998569214	-2.401569562
-1.999871528	-2.331061087	1.99904706	-2.401855104
-1.999915655	-2.331082118	1.99936567	-2.402045454
-1.999945073	-2.331096137	1.999578097	-2.402172348
-1.999964685	-2.331105484	1.999719724	-2.402256942
-1.99997776	-2.331111715	1.999814146	-2.402313337
-1.999986477	-2.331115869	1.999877096	-2.402350933
-1.999992288	-2.331118638	1.999919063	-2.402375997
-1.999996162	-2.331120484	1.999947042	-2.402392706
-1.999998745	-2.331121715	1.999965694	-2.402403846
-2.000000467	-2.331122536	1.999978129	-2.402411272
-2.000002189	-2.331123356	1.999986419	-2.402416223
-2.000005633	-2.331124997	1.999991946	-2.402419523
-2.00001252	-2.331128279	1.999995631	-2.402421724
-2.000026294	-2.331134843	1.999998087	-2.402423191
-2.000053844	-2.331147971	2.000000275	-2.402424323
-2.000935059	-2.331567802	2.000001362	-2.402425146
-2.007964546	-2.334910045	2.000027563	-2.402440793
-2.03581257	-2.348028963	2.000079964	-2.402472086
-2.063756622	-2.360988787	2.000289551	-2.402597242
-2.091773235	-2.37376339	2.001965041	-2.403597469
-2.119882074	-2.386330243	2.005313642	-2.405594882
-2.148115472	-2.398706811	2.031780737	-2.421303996
-2.176411235	-2.410891369	2.05829976	-2.436898124
-2.204779415	-2.422881308	2.084898831	-2.45238366
-2.233253511	-2.434675603	2.111559269	-2.467738771
-2.261810196	-2.446265519	2.138284884	-2.482974013
-2.290443532	-2.457673053	2.16509382	-2.498127969
-2.319165969	-2.468912148	2.191957091	-2.51317548
-2.34795522	-2.479958853	2.218881446	-2.52808801
-2.376804486	-2.490798493	2.245900406	-2.542870597
-2.405752138	-2.501465674	2.272993939	-2.557533287
-2.434761659	-2.511956607	2.300136025	-2.572087617
-2.463832997	-2.522248134	2.327352701	-2.586543352
-2.492986858	-2.53233298	2.354620472	-2.600877157
-2.522226733	-2.542223757	2.381937072	-2.615086495
-2.551525119	-2.551931845	2.409339603	-2.629208045
-2.580875164	-2.561451598	2.436790482	-2.643220289
-2.610294805	-2.570774966	2.464294279	-2.657103305
-2.639779487	-2.57990268	2.491879397	-2.670860604
-2.669327972	-2.588853887	2.519532226	-2.684497432
-2.698941331	-2.597631183	2.547233465	-2.698026424
-2.728603756	-2.606215561	2.57500005	-2.711454924
-2.758308758	-2.614603176	2.60281501	-2.724763322
-2.788092446	-2.622821341	2.630673381	-2.737946549
-2.817917998	-2.630863336	2.658609119	-2.751038713
-2.847787647	-2.638711714	2.686589626	-2.764023897
-2.877719016	-2.646358545	2.714618183	-2.776881346
-2.907717242	-2.65382	2.742716967	-2.789610169
-2.937742311	-2.661102907	2.770882486	-2.802218982
-2.958406403	-2.66600356	2.799093248	-2.814717513
-2.972234154	-2.669229554	2.827360958	-2.827108015
-2.981473478	-2.671360219	2.855670571	-2.839372977
-2.987642328	-2.672771531	2.884029764	-2.85151613
-2.991759056	-2.673708279	2.91245385	-2.863560676
-2.994505399	-2.674330923	2.940920719	-2.875503974
-2.996337123	-2.674745188	2.960520938	-2.883647757
-2.99755864	-2.675020994	2.973638591	-2.889057052
-2.998373149	-2.675204699	2.982406795	-2.892653914
-2.998916228	-2.675327096	2.988263563	-2.895047783
-2.999278314	-2.675408661	2.992172599	-2.896641564
-2.999519718	-2.675463023	2.994780646	-2.897703124
-2.999680661	-2.675499257	2.996520247	-2.898410399
-2.999787959	-2.675523411	2.997680383	-2.898881723
-2.999859492	-2.675539512	2.998453987	-2.899195852
-2.999907182	-2.675550246	2.998969802	-2.899405234
-2.999938975	-2.675557401	2.999313714	-2.899544804
-2.999960171	-2.675562171	2.999543005	-2.899637843
-2.999974301	-2.675565351	2.999695872	-2.899699866
-2.999983721	-2.675567471	2.999797787	-2.899741213
-2.999990001	-2.675568885	2.999865732	-2.899768777
-2.999994188	-2.675569827	2.999911029	-2.899787153
-2.99999698	-2.675570455	2.999941227	-2.899799403
-2.99999884	-2.675570874	2.999961359	-2.89980757
-3.000000701	-2.675571293	2.999974781	-2.899813015
-3.000008144	-2.675572968	2.999983729	-2.899816644
-3.000023031	-2.675576318	2.999989694	-2.899819064
-3.000082576	-2.675589717	2.999993671	-2.899820677
-3.001986884	-2.676017904	2.999996322	-2.899821753
-3.017156359	-2.679404575	2.999998089	-2.89982247
-3.047356976	-2.686015566	3.000000143	-2.899823273
-3.07759452	-2.692451079	3.000003392	-2.899824621
-3.10786666	-2.698699205	3.000031671	-2.899836092
-3.138180434	-2.704761918	3.000257888	-2.899927852
-3.168537289	-2.710654785	3.00071029	-2.900111335
-3.198936272	-2.716378964	3.002519034	-2.900844616
-3.229360284	-2.721918769	3.006134433	-2.902308868
-3.259809966	-2.727275388	3.013356802	-2.905228075
-3.29030907	-2.732466844	3.027767211	-2.911028795
-3.320836442	-2.737492789	3.056440996	-2.922474406
-3.351387149	-2.742341775	3.085158472	-2.933801945
-3.38196294	-2.747010747	3.11392899	-2.945003173
-3.412581976	-2.751513497	3.142750895	-2.956082611
-3.44321911	-2.755850625	3.171620947	-2.967055218
-3.473875511	-2.760012118	3.200538636	-2.97791846
-3.504561688	-2.763991478	3.220443156	-2.98531584
-3.535283137	-2.767799621	3.233760086	-2.9902271
-3.566016043	-2.771444894	3.242659469	-2.993491773
-3.596763622	-2.774920968	3.248601716	-2.995663819
-3.627539405	-2.778218705	3.252567669	-2.997110327
-3.658348727	-2.781345812	3.255213609	-2.998074215
-3.689160655	-2.784312764	3.256978324	-2.998716577
-3.719985696	-2.787115555	3.258155133	-2.999144713
-3.750831581	-2.789742891	3.258939821	-2.999430089
-3.781708204	-2.792202478	3.259463012	-2.999620319
-3.812587031	-2.794505376	3.259811835	-2.99974713
-3.8434745	-2.79664671	3.260044397	-2.999831666
-3.874375065	-2.798616054	3.260199444	-2.999888022
-3.905253304	-2.800401376	3.260302812	-2.999925591
-3.936128453	-2.801996791	3.260371724	-2.999950637
-3.957350918	-2.802979284	3.260417667	-2.999967335
-3.971539498	-2.803582136	3.260448295	-2.999978466
-3.981014751	-2.803959763	3.260468714	-2.999985887
-3.98733883	-2.804200493	3.260482327	-2.999990834
-3.991558116	-2.80435601	3.260491402	-2.999994132
-3.994372414	-2.804457459	3.260497452	-2.999996331
-3.996249253	-2.804524094	3.260501486	-2.999997797
-3.997500765	-2.804568072	3.260504175	-2.999998774
-3.998335234	-2.804597192	3.260506445	-3.000000574
-3.998891602	-2.804616517	3.26050776	-3.000000077
-3.99926254	-2.804629362	3.260536442	-3.000010501
-3.999509843	-2.804637907	3.260593805	-3.000031347
-3.999674716	-2.804643596	3.260708529	-3.000073038
-3.999784634	-2.804647385	3.26093797	-3.000156412
-3.999857913	-2.80464991	3.262772472	-3.000822741
-3.999906767	-2.804651592	3.266439396	-3.002153125
-3.999939336	-2.804652714	3.273764849	-3.004804731
-3.999961049	-2.804653461	3.28838159	-3.010070818
-3.999975524	-2.804653959	3.317473562	-3.020450637
-3.999985174	-2.804654291	3.346603752	-3.030702534
-3.999991608	-2.804654513	3.375791903	-3.040821048
-3.999995897	-2.80465466	3.405034118	-3.050815792
-3.999998756	-2.804654759	3.434308026	-3.060694902
-4.000000662	-2.804654824	3.463622825	-3.070451827
-4.000004475	-2.804654955	3.492975835	-3.080074929
-4.0000121	-2.804655218	3.522375817	-3.089576014
-4.000027349	-2.804655743	3.551820678	-3.098965898
-4.000149344	-2.804659939	3.581302709	-3.108235017
-4.000637282	-2.804676702	3.610818479	-3.117372485
-4.002588386	-2.804743398	3.64037617	-3.126382927
-4.010382355	-2.805004461	3.669977261	-3.135272631
-4.041388293	-2.805956567	3.699609292	-3.144034236
-4.102933883	-2.807460974	3.72927663	-3.152660232
-4.164467431	-2.808459084	3.758995161	-3.161148486
-4.225979551	-2.808891109	3.788755844	-3.169505324
-4.287513169	-2.808709565	3.818538545	-3.177734682
-4.349013271	-2.807955452	3.848361788	-3.185832099
-4.410456154	-2.806657245	3.878215318	-3.193781987
-4.47188091	-2.804766002	3.908071143	-3.201566135
-4.533371423	-2.802251491	3.937959533	-3.209176113
-4.594850644	-2.799178214	3.958541553	-3.214300106
-4.656261764	-2.795593159	3.972317448	-3.217673629
-4.717619974	-2.79146108	3.981525944	-3.219903433
-4.779020069	-2.786740938	3.987675865	-3.221381312
-4.840397174	-2.78148874	3.99178071	-3.222362638
-4.901703181	-2.775756863	3.994519463	-3.223015084
-4.962936019	-2.769514276	3.996346275	-3.223449254
-5.02416272	-2.762730839	3.997564585	-3.223738346
-5.085380282	-2.755452646	3.998376986	-3.223930915
-5.146518508	-2.747722868	3.998918673	-3.224059223
-5.207560836	-2.739503017	3.999279835	-3.224144731
-5.26853773	-2.730793031	3.999520628	-3.224201722
-5.329534602	-2.721623519	3.999681163	-3.22423971
-5.390444833	-2.712014118	3.999788191	-3.224265033
-5.451259033	-2.70193413	3.999859544	-3.224281913
-5.511975048	-2.69141094	3.999907113	-3.224293166
-5.572716645	-2.680491629	3.999938826	-3.224300668
-5.633381598	-2.669180755	3.999959968	-3.224305669
-5.693938168	-2.657451499	3.999974063	-3.224309003
-5.754394499	-2.645324233	3.99998346	-3.224311226
-5.814876382	-2.63281386	3.999989724	-3.224312708
-5.875269616	-2.619963397	3.999993901	-3.224313695
-5.916746268	-2.610927971	3.999996685	-3.224314354
-5.944454647	-2.604796568	3.999998541	-3.224314793
-5.962952183	-2.600658859	4.000000397	-3.224315232
-5.975295143	-2.597877604	4.000015246	-3.224318744
-5.983528802	-2.596013153	4.000134034	-3.224346841
-5.989020139	-2.594765569	4.000371601	-3.224403027
-5.992682024	-2.593931781	4.001321646	-3.224627667
-5.995123722	-2.593374999	4.008905187	-3.226417717
-5.996751716	-2.593003401	4.024037775	-3.229972856
-5.997837134	-2.592755485	4.054194871	-3.236986356
-5.998560784	-2.592590126	4.113977204	-3.250586701
-5.999043234	-2.592479851	4.173825042	-3.263743709
-5.999364876	-2.592406318	4.233753551	-3.276388069
-5.999579307	-2.592357289	4.293816715	-3.288495536
-5.999722262	-2.5923246	4.353891367	-3.300040614
-5.999817567	-2.592302805	4.414023179	-3.311010611
-5.999881103	-2.592288275	4.474276439	-3.32132775
-5.999923461	-2.592278588	4.534717854	-3.33096729
-5.9999517	-2.59227213	4.595281915	-3.339960449
-5.999970526	-2.592267824	4.655846489	-3.34830353
-5.999983076	-2.592264954	4.716533776	-3.355928736
-5.999991443	-2.59226304	4.777341561	-3.362775471
-5.999997021	-2.592261765	4.838279563	-3.36888893
-6.00000074	-2.592260914	4.899248494	-3.374256668
-6.000004458	-2.592260064	4.960258403	-3.378790969
-6.000019333	-2.592256662	5.021344033	-3.382441632
-6.000049082	-2.592249858	5.082546496	-3.385247128
-6.000287067	-2.592195426	5.143775901	-3.387190212
-6.000763012	-2.592086551	5.204975945	-3.388174469
-6.001714808	-2.591868759	5.266193696	-3.388145468
-6.003618019	-2.591433011	5.327492283	-3.387131986
-6.007422913	-2.590560853	5.388763829	-3.385128167
-6.037703569	-2.583571185	5.44994557	-3.38203511
-6.097855759	-2.569437092	5.511065065	-3.37777697
-6.157918353	-2.555012764	5.572200504	-3.372372268
-6.217895579	-2.540300533	5.633202696	-3.365852282
-6.277825888	-2.52525868	5.69405641	-3.358113738
-6.337715229	-2.509908303	5.754736949	-3.349048653
-6.397511648	-2.494296091	5.815333718	-3.338668515
-6.457198845	-2.478406099	5.875673397	-3.327057807
-6.516825771	-2.462242013	5.91707084	-3.318311848
-6.57643709	-2.445820181	5.944703535	-3.312097057
-6.635961129	-2.429144179	5.963136579	-3.307772155
-6.695399075	-2.412205021	5.975426954	-3.304805025
-6.75476379	-2.39502542	5.983620824	-3.302788954
-6.814125213	-2.377603574	5.989083389	-3.301427814
-6.873410107	-2.359961919	5.992725049	-3.300512727
-6.93262337	-2.342110476	5.995152788	-3.299899246
-6.991757033	-2.324050098	5.99677126	-3.299488732
-7.050872083	-2.305748803	5.997850232	-3.299214375
-7.109932731	-2.287243277	5.998569542	-3.299031168
-7.16892563	-2.268559278	5.999049079	-3.298908895
-7.227846311	-2.24969037	5.99936877	-3.29882732
-7.28671279	-2.230640053	5.999581897	-3.29877291
-7.34553844	-2.211414993	5.999723981	-3.298736625
-7.4042944	-2.192016917	5.999818704	-3.298712429
-7.462990384	-2.172448423	5.999881852	-3.298696297
-7.521654434	-2.152721309	5.999923951	-3.298685541
-7.580297989	-2.132839991	5.999952017	-3.298678369
-7.638887671	-2.112817309	5.999970728	-3.298673588
-7.69742314	-2.092659337	5.999983202	-3.298670401
-7.755905422	-2.072364214	5.999991517	-3.298668276
-7.814381661	-2.051914677	5.999997061	-3.298666859
-7.863201576	-2.034736074	6.000000757	-3.298665915
-7.895811397	-2.023214561	6.000004453	-3.29866497
-7.91757971	-2.015502018	6.000011845	-3.298663081
-7.932104657	-2.010346057	6.000026629	-3.298659303
-7.941793645	-2.006902333	6.000263152	-3.298598849
-7.948255509	-2.004603643	6.000736157	-3.298477886
-7.952564549	-2.003069898	6.008288884	-3.296534756
-7.955437745	-2.002046829	6.067754114	-3.280467263
-7.957353433	-2.001364528	6.126840798	-3.263094368
-7.958630658	-2.000909547	6.185510363	-3.244330902
-7.959482186	-2.000606175	6.243646278	-3.224053506
-7.960049891	-2.000403905	6.301312243	-3.202253663
-7.960428369	-2.000269048	6.358468978	-3.178989234
-7.960680692	-2.00017914	6.415018024	-3.154185159
-7.960848909	-2.000119198	6.470873421	-3.127828335
-7.960961055	-2.000079237	6.526053688	-3.099910328
-7.961035819	-2.000052595	6.580525129	-3.07046797
-7.961085662	-2.000034834	6.634212794	-3.039591085
-7.96111889	-2.000022993	6.687113233	-3.007269144
-7.961141043	-2.000015099	6.739046459	-2.973448897
-7.961155811	-2.000009836	6.789971265	-2.93814567
-7.961165657	-2.000006328	6.839943899	-2.901410104
-7.96117222	-2.000003989	6.888918289	-2.863242774
-7.961176596	-2.00000243	6.936857609	-2.823676839
-7.961180372	-1.99999913	6.98372922	-2.782740805
-7.961198475	-1.999994633	7.029416044	-2.740688671
-7.961268487	-1.999969684	7.073986605	-2.697626392
-7.961408509	-1.999919787	7.117518241	-2.653423307
-7.961968557	-1.999720204	7.159999218	-2.608044358
-7.964208096	-1.998921993	7.201388717	-2.561523095
-7.976132231	-1.994668958	7.241629724	-2.513907281
-7.984085933	-1.99182919	7.2805364	-2.46581025
-7.989390309	-1.989934038	7.318539688	-2.417161589
-7.992927513	-1.988669767	7.355736259	-2.367841517
-7.995286045	-1.987826616	7.392162023	-2.317678915
-7.996858573	-1.987264383	7.427673705	-2.266754116
-7.997907003	-1.986889503	7.462085588	-2.215147167
-7.998605991	-1.986639557	7.495444725	-2.162603489
-7.999071998	-1.986472915	7.527587457	-2.110010149
-7.999382676	-1.986361815	7.549335428	-2.073657555
-7.999589798	-1.986287746	7.563743401	-2.049241268
-7.99972788	-1.986238365	7.573308174	-2.032883602
-7.999819936	-1.986205445	7.579664888	-2.021946496
-7.999881307	-1.986183497	7.583893596	-2.014640832
-7.999922221	-1.986168866	7.586708599	-2.009764042
-7.999949497	-1.986159111	7.588583403	-2.006510025
-7.999967681	-1.986152608	7.589832434	-2.004339424
-7.999979803	-1.986148273	7.590664748	-2.002891799
-7.999987885	-1.986145383	7.591219456	-2.001926467
-7.999993273	-1.986143456	7.591589187	-2.001282802
-7.999996865	-1.986142171	7.591835642	-2.000853643
-8.000000457	-1.986140887	7.59199993	-2.000567515
-8.000014825	-1.986135749	7.592109449	-2.000376754
-8.00004356	-1.986125472	7.592182458	-2.000249575
-8.00010103	-1.986104919	7.59223113	-2.000164787
-8.000215969	-1.986063814	7.592263577	-2.000108261
-8.000675702	-1.985899399	7.592285209	-2.000070577
-8.001595102	-1.985570577	7.592299629	-2.000045454
-8.01627502	-1.980317653	7.592309243	-2.000028705
-8.074577877	-1.959394884	7.592315652	-2.000017539
-8.132836834	-1.938383834	7.592319925	-2.000010095
-8.191059754	-1.917282718	7.592322773	-2.000005133
-8.249262181	-1.89610427	7.592324672	-2.000001824
-8.307475233	-1.874848398	7.592326571	-1.999998516
-8.365659669	-1.853527841	7.592334167	-1.999985282
-8.423833633	-1.832152095	7.592349359	-1.999958815
-8.481973008	-1.810735649	7.592592374	-1.999535376
-8.540109986	-1.789254466	7.593563633	-1.997842038
-8.59825589	-1.767719179	7.601281193	-1.984330278
-8.656375236	-1.746160796	7.616521644	-1.95734031
-8.714437227	-1.724593899	7.64621982	-1.903463512
-8.772524859	-1.703005614	7.675291084	-1.849018073
-8.830624448	-1.681412168	7.703678086	-1.794139399
-8.888703768	-1.65981628	7.731244565	-1.738892721
-8.946795079	-1.638213938	7.757909189	-1.683424475
-9.004894322	-1.616625402	7.783747095	-1.628200945
-9.063019501	-1.595044152	7.809158842	-1.572796383
-9.121161582	-1.57347998	7.834071033	-1.517741059
-9.179322286	-1.551951892	7.858663019	-1.462843463
-9.237485422	-1.530471058	7.882847171	-1.40791279
-9.295682699	-1.509021954	7.906587329	-1.353037149
-9.353878458	-1.487629352	7.929953297	-1.298204427
-9.412065022	-1.46631228	7.952860999	-1.243373972
-9.470282324	-1.445066695	7.968457599	-1.20522703
-9.528560157	-1.423896647	7.978893241	-1.179421749
-9.58687569	-1.4028162	7.98589323	-1.162077386
-9.645210528	-1.381828678	7.990579666	-1.150448282
-9.703599812	-1.360933608	7.993712955	-1.142664993
-9.762026834	-1.340150084	7.995805875	-1.137462203
-9.820502621	-1.319469209	7.997202976	-1.13398738
-9.87904793	-1.298894604	7.998135192	-1.131667999
-9.919266404	-1.284847091	7.998757033	-1.130120478
-9.946134878	-1.275502702	7.999171756	-1.129088231
-9.964072424	-1.269282582	7.99944831	-1.128399813
-9.976042082	-1.26514014	7.999632712	-1.127940756
-9.984026898	-1.262380453	7.99975566	-1.127634668
-9.989352358	-1.260541533	7.999837632	-1.127430586
-9.992903599	-1.259315974	7.999892283	-1.127294522
-9.995271543	-1.25849908	7.999928718	-1.127203809
-9.996850372	-1.257954548	7.999953009	-1.127143331
-9.997903014	-1.257591555	7.999969203	-1.127103011
-9.998604815	-1.257349573	7.999979999	-1.127076131
-9.9990727	-1.257188257	7.999987197	-1.127058211
-9.999384631	-1.257080715	7.999991995	-1.127046264
-9.999592589	-1.257009022	7.999995194	-1.1270383
-9.999731229	-1.256961227	7.999997326	-1.12703299
-9.999823656	-1.256929364	7.999998748	-1.12702945
-9.999885275	-1.256908122	8.00000017	-1.12702591
-9.999926354	-1.256893961	8.000011544	-1.126997592
-9.99995374	-1.25688452	8.000034291	-1.126940954
-9.999971998	-1.256878226	8.000079781	-1.12682768
-9.999984169	-1.25687403	8.000261701	-1.126374607
-9.999992284	-1.256871233	8.00062536	-1.125468492
-9.999997693	-1.256869368	8.001351957	-1.123656391
-10.0000013	-1.256868125	8.002802265	-1.120032688
-10.00000491	-1.256866882	8.008559169	-1.105558645
-10.00001212	-1.256864395	8.05223882	-0.992592734
-10.00004097	-1.25685445	8.092648258	-0.883546649
-10.00009867	-1.256834558	8.131236463	-0.773297121
-10.00102182	-1.256516343	8.166309308	-0.660715622
-10.00471324	-1.255244195	8.197865785	-0.549239342
-10.01209371	-1.252702407	8.227046294	-0.44119023
-10.02684239	-1.247630455	8.252895544	-0.33758125
-10.085501	-1.227562196	8.275798449	-0.236284942
-10.14420651	-1.207649842	8.290302221	-0.163374413
-10.20296923	-1.187899102	8.299222693	-0.111679978
-10.26182272	-1.168314871	8.304038137	-0.075451809
-10.32074169	-1.148908546	8.306407291	-0.050576716
-10.37970922	-1.129680432	8.307504539	-0.0337624
-10.43875785	-1.110632488	8.307997324	-0.022504558
-10.49786729	-1.091785199	8.308215888	-0.015003852
-10.55704723	-1.073129572	8.308312745	-0.010002244
-10.61631704	-1.054660022	8.308355672	-0.006666408
-10.67565801	-1.036398056	8.308374704	-0.004441612
-10.73506196	-1.018355431	8.308383143	-0.002957933
-10.7945397	-1.000525741	8.308386885	-0.001968576
-10.85401428	-0.982922623	8.308388543	-0.001308893
-10.91354463	-0.965529851	8.308389277	-0.000869052
-10.97314874	-0.948351895	8.308389602	-0.000575801
-11.03284556	-0.9313872	8.308389745	-0.00038029
-11.09260102	-0.914640369	8.308389808	-0.000249944
-11.15239878	-0.898115706	8.308389835	-0.000163045
-11.21229428	-0.881807117	8.308389847	-0.000105111
-11.27225226	-0.865728569	8.308389852	-6.65E-05
-11.33227078	-0.849873226	8.308389854	-4.07E-05
-11.39237548	-0.834232268	8.308389855	-2.36E-05
-11.45253757	-0.818820865	8.308389856	-1.21E-05
-11.51274739	-0.803646232	8.308389856	-4.50E-06
-11.57303217	-0.788694508	8.308389856	3.13E-06
-11.63339139	-0.773960754	8.308389809	0.000247236
-11.69380659	-0.759456006	8.308389441	0.000735383
-11.75424005	-0.745185244	8.308384318	0.002686522
-11.81464945	-0.73112284	8.30835648	0.006586078
-11.87509538	-0.717230154	8.308229982	0.014381986
-11.91662284	-0.707792425	8.307692308	0.02997003
-11.94436711	-0.701536927	8.291095876	0.150354171
-11.96289173	-0.69738272	8.271779902	0.251987502
-11.97525325	-0.694620698	8.248575274	0.354832096
-11.98349924	-0.692782752	8.222257906	0.458671953
-11.98899878	-0.69155898	8.192549536	0.567801753
-11.99266612	-0.690743814	8.160366666	0.679508437
-11.99511146	-0.690200674	8.124694037	0.791779037
-11.99674187	-0.689838717	8.085656008	0.90181239
-11.9978289	-0.689597472	8.044931576	1.011231488
-11.99855363	-0.689436669	8.000764001	1.124738351
-11.9990368	-0.689329479	8.000037145	1.126550347
-11.99935892	-0.689258024	8.00001441	1.126606989
-11.99957367	-0.68921039	8.000003042	1.12663531
-11.99971683	-0.689178635	8.000000199	1.12664239
-11.99981228	-0.689157465	7.999998778	1.126645931
-11.99987591	-0.689143352	7.999996647	1.126651241
-11.99991833	-0.689133944	7.99999345	1.126659206
-11.99994661	-0.689127672	7.999988654	1.126671154
-11.99996547	-0.68912349	7.99998146	1.126689075
-11.99997804	-0.689120702	7.999970669	1.126715958
-11.99998642	-0.689118844	7.999954483	1.12675628
-11.999992	-0.689117605	7.999930205	1.126816763
-11.99999573	-0.689116779	7.999893787	1.126907484
-12.00000055	-0.689115671	7.999839164	1.127043559
-12.0000069	-0.689114301	7.999757232	1.127247657
-12.00006649	-0.689101086	7.999634345	1.12755377
-12.00030483	-0.689048227	7.999450035	1.128012864
-12.0007815	-0.688942521	7.999173618	1.128701337
-12.0017348	-0.688731152	7.998759099	1.129733668
-12.00554681	-0.68788637	7.998137562	1.131281315
-12.01316785	-0.686199548	7.997205799	1.133600885
-12.04357541	-0.679497035	7.995809367	1.137075995
-12.10418989	-0.666272193	7.993717431	1.142279217
-12.16483558	-0.653227965	7.990585573	1.150063165
-12.22554527	-0.640363371	7.98590119	1.161693272
-12.28629297	-0.627682531	7.978904086	1.179039167
-12.34707715	-0.615181106	7.968472378	1.204846785
-12.40791508	-0.602856055	7.952881648	1.242998463
-12.46878265	-0.590718397	7.929983115	1.297834124
-12.52968712	-0.578768753	7.906623399	1.352672358
-12.59063564	-0.567000008	7.882889395	1.407551484
-12.65163782	-0.555407764	7.858711337	1.462486288
-12.71267315	-0.544000703	7.834124134	1.517386612
-12.77372742	-0.532786024	7.80921748	1.572442059
-12.83483861	-0.521750745	7.783810774	1.627849887
-12.89598638	-0.510894146	7.757977532	1.68307641
-12.95716811	-0.500222604	7.731318895	1.738547102
-13.01818276	-0.489731426	7.703759046	1.793795973
-13.07920266	-0.47934255	7.675377232	1.848677358
-13.14023278	-0.469051235	7.646310426	1.903126774
-13.20127404	-0.458862904	7.6166172	1.957006905
-13.262341	-0.448776243	7.601379208	1.983998398
-13.32341489	-0.438786332	7.59366287	1.997510889
-13.38448801	-0.428892055	7.592691766	1.999204315
-13.44557695	-0.419096751	7.592448789	1.999627776
-13.50668653	-0.409401405	7.592327277	1.999839511
-13.56780199	-0.399800626	7.592266515	1.99994538
-13.62891928	-0.390290668	7.592236133	1.999998315
-13.69005087	-0.380874675	7.592234234	2.000001623
-13.75119387	-0.371557079	7.592232335	2.000004931
-13.81234143	-0.362332374	7.592229486	2.000009894
-13.87349944	-0.353192476	7.592225214	2.000017338
-13.91554233	-0.346961012	7.592218805	2.000028504
-13.94363962	-0.34282093	7.592209191	2.000045253
-13.96240341	-0.340067547	7.592194771	2.000070376
-13.97492703	-0.338235034	7.59217314	2.000108061
-13.98328256	-0.337014759	7.592140693	2.000164587
-13.98885578	-0.336201874	7.592092023	2.000249376
-13.99257254	-0.335660236	7.592019015	2.000376555
-13.99505095	-0.33529927	7.591909498	2.000567318
-13.99670347	-0.335058683	7.591745214	2.000853448
-13.99780527	-0.334898318	7.591498765	2.00128261
-13.99853985	-0.334791418	7.591129042	2.00192628
-13.9990296	-0.334720157	7.590574346	2.002891619
-13.9993561	-0.334672652	7.589742051	2.004339255
-13.99957378	-0.334640983	7.588493047	2.006509872
-13.99971889	-0.33461987	7.586618286	2.009763915
-13.99981564	-0.334605796	7.583803346	2.014640743
-13.99988014	-0.334596413	7.579574733	2.021946467
-13.99992314	-0.334590157	7.573218162	2.032883667
-13.9999518	-0.334585987	7.563653605	2.049241484
-13.99997091	-0.334583207	7.549245968	2.073657977
-13.99998365	-0.334581354	7.52749845	2.110010978
-13.99999215	-0.334580118	7.495354373	2.162606189
-13.99999781	-0.334579294	7.461994316	2.215148967
-14.00000159	-0.334578745	7.427581516	2.266755299
-14.00000536	-0.334578196	7.39206908	2.317679566
-14.00003556	-0.334573803	7.355642832	2.367841581
-14.00051871	-0.334503519	7.318445778	2.417161366
-14.00148494	-0.334362979	7.280442123	2.465809836
-14.00341708	-0.334082004	7.241533661	2.51390711
-14.00728007	-0.33352048	7.201291093	2.561521489
-14.068453	-0.324671698	7.159900172	2.608041388
-14.12964837	-0.315902416	7.117417953	2.653418966
-14.19084964	-0.307217845	7.073885129	2.697620827
-14.25203932	-0.298627356	7.029313525	2.740681996
-14.31323721	-0.290123939	6.983624961	2.7827331
-14.37445214	-0.281698757	6.936751852	2.823667292
-14.43566937	-0.273357834	6.888811179	2.86323148
-14.49688568	-0.265107774	6.839835596	2.901397189
-14.55810628	-0.25694438	6.789861923	2.938131279
-14.61928857	-0.248862504	6.738936034	2.973433013
-14.68017635	-0.240858313	6.687001759	3.007251532
-14.74102957	-0.232863848	6.63410033	3.039571777
-14.80185079	-0.224872173	6.580411802	3.070447115
-14.86261768	-0.216877207	6.525939545	3.099888032
-14.92333347	-0.208875317	6.470758597	3.127804426
-14.98400467	-0.200864661	6.414902457	3.154159668
-15.04462675	-0.192839232	6.358352722	3.178962299
-15.10516492	-0.184792553	6.301195424	3.202225387
-15.16561878	-0.176716685	6.243529154	3.224023798
-15.22600756	-0.168604396	6.185392671	3.244299825
-15.28630225	-0.160448988	6.126722745	3.263061934
-15.3464813	-0.152235876	6.067635657	3.280433599
-15.40650676	-0.143953048	6.008170017	3.296499994
-15.46640263	-0.135581474	6.000617254	3.298442985
-15.52611113	-0.127105564	6.000144247	3.29856394
-15.58558838	-0.118494054	6.000025982	3.298594169
-15.64480113	-0.109708267	6.000011199	3.298597947
-15.70364549	-0.100711911	6.000003807	3.298599836
-15.76201424	-0.091446098	6.000000111	3.298600781
-15.81972009	-0.08182314	5.999996415	3.298601725
-15.87653224	-0.071711918	5.999990871	3.298603142
-15.9169444	-0.063971606	5.999982555	3.298605267
-15.94423365	-0.058383153	5.999970082	3.298608455
-15.9626163	-0.054400537	5.999951371	3.298613236
-15.97497651	-0.051599438	5.999923305	3.298620408
-15.98326993	-0.049654489	5.999881207	3.298631165
-15.98882488	-0.048318601	5.999818059	3.2986473
-15.99254049	-0.047408868	5.999723336	3.298671497
-15.9950233	-0.046793303	5.999581253	3.298707786
-15.99668112	-0.046378709	5.999368128	3.298762201
-15.99778752	-0.04610038	5.999048439	3.298843784
-15.99852565	-0.045913951	5.998568904	3.298966069
-15.99901798	-0.04578927	5.997849599	3.299149293
-15.99934631	-0.045705972	5.996770634	3.299423676
-15.99956524	-0.04565036	5.995152171	3.29983423
-15.99971122	-0.045613251	5.992724448	3.30044777
-15.99980855	-0.045588495	5.989082809	3.301362945
-15.99987344	-0.045571985	5.983620276	3.302724218
-15.9999167	-0.045560975	5.975426454	3.304740488
-15.99994554	-0.045553633	5.963136148	3.307707917
-15.99996477	-0.045548738	5.9447032	3.312033265
-15.99997759	-0.045545474	5.917070664	3.318248731
-15.99998613	-0.045543299	5.875673398	3.326995724
-15.99999183	-0.045541848	5.815333976	3.338607933
-15.99999563	-0.045540881	5.754737386	3.348989575
-15.99999816	-0.045540236	5.694056985	3.35805612
-16.00000069	-0.045539591	5.633203431	3.365796099
-16.0000817	-0.04551896	5.57220137	3.372317524
-16.00024369	-0.045477685	5.511065992	3.377723642
-16.00056749	-0.045395086	5.449946525	3.38198314
-16.00121443	-0.045229695	5.388764791	3.385077498
-16.00378685	-0.044567167	5.327493325	3.387082606
-16.0138003	-0.041907664	5.266194706	3.38809737
-16.03272916	-0.036447548	5.204976902	3.388127591
-16.05569303	-0.028667568	5.143776793	3.387144493
-16.07063518	-0.022348707	5.082547395	3.38520256
-16.08022637	-0.017191387	5.021344837	3.382398199
-16.08626001	-0.012978258	4.960259099	3.378748611
-16.08993659	-0.009560924	4.899249076	3.374215329
-16.09206894	-0.006846894	4.838280104	3.368848605
-16.0932252	-0.004772088	4.777341966	3.362736141
-16.09380876	-0.003258097	4.71653404	3.355890347
-16.09408687	-0.002196121	4.655846609	3.348266029
-16.09421472	-0.001469804	4.595281928	3.339923809
-16.09427236	-0.000979726	4.53471775	3.3309315
-16.09429808	-0.00065121	4.474276176	3.321292775
-16.0943095	-0.00043166	4.414022795	3.310976425
-16.09431454	-0.000285135	4.353890818	3.300007181
-16.09431676	-0.000187404	4.293816006	3.288462812
-16.09431772	-0.000122236	4.233752713	3.276356036
-16.09431814	-7.88E-05	4.173824078	3.263712354
-16.09431832	-4.98E-05	4.113976075	3.25055599
-16.0943184	-3.05E-05	4.054193589	3.236956302
-16.09431843	-1.76E-05	4.024036409	3.229943142
-16.09431844	-9.05E-06	4.0089038	3.226388176
-16.09431844	-3.33E-06	4.001320239	3.22459821
-16.09431844	4.86E-07	4.000370191	3.22437358
-16.09431844	4.30E-06	4.000132623	3.224317396
-16.09431824	6.53E-05	4.000013835	3.224289301
-16.09431676	0.000187387	4.000001014	3.224284984
-16.09429659	0.000674662	3.99999713	3.22428535
-16.0941894	0.001639345	3.999995274	3.224284911
-16.09373336	0.003490827	3.99999249	3.224284253
-16.0901657	0.009308526	3.999988313	3.224283265
-16.05242165	0.02997003	3.999982049	3.224281783
-16.02726292	0.038157326	3.999972652	3.224279561
-16.01304233	0.042172306	3.999958557	3.224276227
-16.00566682	0.044133785	3.999937415	3.224271226
-16.00192572	0.045101972	3.999905702	3.224263725
-16.00004315	0.04558288	3.999858132	3.224252472
-16.00001358	0.045590402	3.999786779	3.224235592
-16.00000121	0.045594929	3.999679752	3.224210271
-15.9999951	0.045595103	3.999519216	3.224172285
-15.9999914	0.045596043	3.999278423	3.224115296
-15.99998585	0.045597453	3.998917259	3.224029793
-15.99997754	0.045599568	3.998375571	3.22390149
-15.99996506	0.045602741	3.997563168	3.223708929
-15.99994634	0.0456075	3.996344855	3.223419851
-15.99991827	0.045614637	3.994518038	3.2229857
-15.99987616	0.045625341	3.991779278	3.222333283
-15.999813	0.045641393	3.987674422	3.221352002
-15.99971827	0.04566546	3.981524485	3.219874188
-15.99957619	0.045701539	3.972315965	3.217644481
-15.99936309	0.045755607	3.958540031	3.214271105
-15.99904351	0.045836596	3.937957954	3.20914733
-15.9985643	0.04595783	3.908069472	3.201537663
-15.99784582	0.04613912	3.878213561	3.193753825
-15.99676885	0.046409814	3.848359942	3.185804237
-15.9951551	0.046813113	3.818536626	3.177707118
-15.99273819	0.047412078	3.788753848	3.169478055
-15.98912097	0.048297628	3.758993079	3.161121503
-15.98371269	0.049598711	3.729274464	3.152633526
-15.97563738	0.051494334	3.699607054	3.144007802
-15.96360061	0.0542268	3.669974938	3.135246462
-15.94569629	0.058115753	3.640373766	3.126357014
-15.91911398	0.06357814	3.610816004	3.117346846
-15.87974208	0.071150925	3.581300142	3.108209657
-15.82298765	0.081291206	3.551818021	3.098940808
-15.76532382	0.090935396	3.522373081	3.089551194
-15.70698491	0.100216892	3.492973012	3.080050367
-15.64816234	0.109225012	3.463619915	3.070427514
-15.58896586	0.118020268	3.434305049	3.060670841
-15.52950227	0.126639352	3.405031053	3.050791975
-15.46980488	0.135120955	3.375788752	3.040797468
-15.40991797	0.143496759	3.346600519	3.03067918
-15.34989974	0.151783183	3.317470258	3.020427508
-15.28972814	0.159999204	3.288378204	3.010047904
-15.22943916	0.168156689	3.273761424	3.004781923
-15.16905371	0.176270591	3.26643595	3.00213037
-15.10860434	0.184347719	3.262769017	3.000800013
-15.04807123	0.192395275	3.260934511	3.000133696
-14.98745257	0.200421107	3.260705069	3.000050325
-14.92678315	0.208431907	3.260590344	3.000008634
-14.8660702	0.216433812	3.260576003	3.000003423
-14.80530593	0.224428768	3.260568833	3.000000817
-14.74448786	0.232419802	3.260565651	3.000000486
-14.6836356	0.240413453	3.260563455	2.999998862
-14.62274972	0.248416804	3.260561662	2.999998211
-14.56158532	0.256493615	3.260558973	2.999997234
-14.50036318	0.264651833	3.26055494	2.999995768
-14.43914766	0.272896223	3.260548889	2.999993569
-14.37793021	0.281232001	3.260539814	2.999990271
-14.31671512	0.289652352	3.260526201	2.999985324
-14.25551583	0.298151299	3.260505782	2.999977904
-14.19432686	0.306736678	3.260475154	2.999966773
-14.13312563	0.315416004	3.260429211	2.999950076
-14.07192878	0.324180471	3.260360298	2.999925031
-14.01075564	0.333024417	3.26025693	2.999887463
-14.0030349	0.334146428	3.260101882	2.99983111
-14.00110277	0.334427413	3.259869319	2.999746577
-14.00013654	0.334567958	3.259520494	2.999619772
-14.00001574	0.33458553	3.2589973	2.99942955
-14.00000064	0.334587727	3.258212608	2.999144186
-13.99999687	0.334588276	3.257035792	2.998716068
-13.99999309	0.334588825	3.255271068	2.998073733
-13.99998743	0.334589649	3.252625111	2.997109882
-13.99997894	0.334590885	3.24865913	2.995663436
-13.9999662	0.334592738	3.242716851	2.993491498
-13.99994708	0.334595518	3.233817411	2.990226983
-13.99991842	0.334599688	3.220500397	2.985315955
-13.99987542	0.334605943	3.200595758	2.977918914
-13.99981092	0.334615326	3.171677901	2.967056147
-13.99971418	0.334629401	3.142807664	2.956083975
-13.99956906	0.334650513	3.113985557	2.945004985
-13.99935138	0.334682181	3.085214863	2.933804243
-13.99902488	0.334729686	3.05649719	2.922477151
-13.99853513	0.334800946	3.027823271	2.911031984
-13.99780055	0.334907843	3.013412779	2.905231477
-13.99669875	0.335068206	3.006190369	2.902312374
-13.99504623	0.335308788	3.002574949	2.900848174
-13.99256782	0.335669747	3.000766195	2.900114919
-13.98885106	0.336211376	3.00031379	2.899931442
-13.98327783	0.337024246	3.000087572	2.899839686
-13.9749223	0.3382445	3.000031014	2.899816744
-13.96239867	0.340076981	3.000002735	2.899805273
-13.94363488	0.342830317	3.000000967	2.899804556
-13.91553758	0.346970328	2.9999992	2.899803839
-13.87349465	0.353201689	2.999996549	2.899802763
-13.81233661	0.362341444	2.999992572	2.89980115
-13.751189	0.371566009	2.999986607	2.899798731
-13.69004596	0.380883471	2.999977659	2.899795101
-13.62891433	0.390299333	2.999964237	2.899789657
-13.56779701	0.399809166	2.999944105	2.89978149
-13.5066815	0.409409823	2.999913907	2.89976924
-13.44557189	0.41910505	2.999868609	2.899750864
-13.38448291	0.42890024	2.999800665	2.899723301
-13.32340976	0.438794406	2.99969875	2.899681955
-13.26233584	0.448784209	2.999545882	2.899619933
-13.20126885	0.458870766	2.99931659	2.899526895
-13.14022756	0.469058997	2.998972677	2.899387328
-13.07919741	0.479350214	2.99845686	2.89917795
-13.01817748	0.489738995	2.997683255	2.898863826
-12.95716267	0.500230133	2.996523115	2.898392512
-12.89598093	0.510901642	2.994783509	2.89768525
-12.83483314	0.521758206	2.992175454	2.896623709
-12.77372195	0.53279345	2.988266405	2.895029957
-12.71266767	0.544008096	2.982409619	2.892636133
-12.65163233	0.555415124	2.973641391	2.889039336
-12.59063014	0.567007334	2.960523697	2.883630137
-12.52968161	0.578776045	2.940923417	2.875486494
-12.46877713	0.590725657	2.912456456	2.863543407
-12.40790955	0.602863284	2.884032282	2.851499082
-12.34707162	0.615188301	2.855672992	2.839356142
-12.28628743	0.627689695	2.827363296	2.827091393
-12.22553972	0.640370503	2.799095513	2.814701101
-12.16483002	0.653235066	2.77088466	2.802202767
-12.10418432	0.666279262	2.74271905	2.789594144
-12.04356983	0.679504073	2.714620186	2.77686551
-12.01316226	0.68620657	2.686591543	2.764008241
-12.00554123	0.687893389	2.658610952	2.75102323
-12.00172922	0.688738168	2.630675135	2.737931249
-12.00077592	0.688949538	2.602816669	2.724748211
-12.00029924	0.689055243	2.575001628	2.711440001
-12.0000609	0.689108102	2.547234962	2.698011682
-12.00000131	0.689121317	2.519533635	2.684482861
-11.99999759	0.689122143	2.49188072	2.670846199
-11.99999386	0.689122969	2.464295526	2.657089065
-11.99998828	0.689124208	2.436791647	2.643206202
-11.9999799	0.689126066	2.409340688	2.629194106
-11.99996733	0.689128854	2.381938084	2.615072718
-11.99994848	0.689133035	2.354621394	2.600863544
-11.9999202	0.689139308	2.327353545	2.586529902
-11.99987777	0.689148716	2.300136793	2.572074325
-11.99981414	0.689162829	2.272994623	2.557520141
-11.9997187	0.689183998	2.245901009	2.542857592
-11.99957553	0.689215753	2.218881979	2.528075146
-11.99936078	0.689263387	2.191957549	2.513162745
-11.99903866	0.689334842	2.165094199	2.498115373
-11.99855549	0.689442031	2.138285186	2.482961568
-11.99783077	0.689602834	2.111559486	2.467726466
-11.99674374	0.689844078	2.084898966	2.452371489
-11.99511332	0.690206034	2.058299836	2.436886093
-11.99266799	0.690749172	2.031780735	2.421292086
-11.98900064	0.691564335	2.005313566	2.405583088
-11.9835011	0.692788102	2.001964956	2.40358569
-11.97525511	0.69462604	2.000289462	2.402585471
-11.96289359	0.697388052	2.000079874	2.402460315
-11.94436896	0.701542243	2.000027473	2.402429023
-11.91662469	0.707797716	2.000001272	2.402413376
-11.87509722	0.71723541	2.000000365	2.402412603
-11.81465127	0.731128045	1.999997997	2.40241142
-11.75424185	0.745190398	1.999995541	2.402409953
-11.69380834	0.759461129	1.999991856	2.402407753
-11.63339313	0.773965846	1.99998633	2.402404452
-11.57303391	0.788699569	1.99997804	2.402399502
-11.51274911	0.803651262	1.999965604	2.402392075
-11.45253928	0.818825863	1.999946952	2.402380936
-11.3923772	0.834237233	1.999918973	2.402364227
-11.33227249	0.849878159	1.999877006	2.402339163
-11.27225395	0.86573347	1.999814056	2.402301568
-11.21229596	0.881811986	1.999719633	2.402245173
-11.15240045	0.898120542	1.999578006	2.40216058
-11.09260268	0.914645173	1.999365578	2.402033686
-11.03284721	0.93139197	1.999046968	2.401843338
-10.97315038	0.948356633	1.998569121	2.401557798
-10.91354626	0.965534555	1.997852506	2.401129447
-10.8540159	0.982927294	1.996777931	2.400486833
-10.79454129	1.000530387	1.995166852	2.39952271
-10.73506353	1.018360045	1.992751986	2.398076083
-10.67565957	1.036402638	1.989133609	2.395905159
-10.6163186	1.054664572	1.983714794	2.392646619
-10.55704877	1.073134089	1.97560917	2.387755575
-10.49786882	1.091789684	1.963497318	2.380409519
-10.43875937	1.11063694	1.945429072	2.36937612
-10.37971074	1.129684851	1.919238431	2.353253379
-10.3207432	1.148912932	1.893113403	2.337037627
-10.26182421	1.168319224	1.867063132	2.320728851
-10.20297071	1.187903422	1.841089886	2.304293709
-10.14420798	1.207654128	1.815213877	2.287723596
-10.08550246	1.22756645	1.789427963	2.271024001
-10.02684384	1.247634676	1.763708827	2.254191838
-10.01209515	1.252706621	1.738092424	2.237260636
-10.00471468	1.255248405	1.712561828	2.220210723
-10.00102326	1.256520551	1.687099932	2.203025343
-10.00010011	1.256838765	1.661732294	2.185732744
-10.00004241	1.256858656	1.636440987	2.168328956
-10.00001356	1.256868602	1.611227126	2.150796717
-10.00000087	1.256874397	1.586144036	2.133129004
-9.999995524	1.256874818	1.561163384	2.115333477
-9.999991917	1.256876062	1.536228031	2.097459083
-9.999986508	1.256877926	1.51134188	2.079572516
-9.999978393	1.256880724	1.48647858	2.061659938
-9.999966221	1.25688492	1.461640092	2.043692324
-9.999947964	1.256891213	1.436875633	2.025683071
-9.999920578	1.256900654	1.412145359	2.00759983
-9.999879499	1.256914816	1.405875957	2.003000573
-9.99981788	1.256936057	1.402734769	2.000694012
-9.999725453	1.256967921	1.401948192	2.000116207
-9.999586813	1.257015715	1.401849823	2.000043941
-9.999378855	1.257087409	1.401800637	2.000007806
-9.999066924	1.25719495	1.401794488	2.000003289
-9.998599039	1.257356266	1.401791414	2.00000103
-9.997897238	1.257598248	1.401789934	2.000000099
-9.996844596	1.25796124	1.40178834	1.999998772
-9.995265766	1.258505772	1.401786034	1.999997078
-9.992897822	1.259322665	1.401782576	1.999994537
-9.989346581	1.260548222	1.401777388	1.999990726
-9.98402112	1.262387141	1.401769606	1.999985009
-9.976036303	1.265146825	1.401757934	1.999976433
-9.964066644	1.269289264	1.401740425	1.999963571
-9.946129096	1.275509377	1.401714163	1.999944276
-9.919260619	1.284853757	1.401674769	1.999915335
-9.879042139	1.298901257	1.40161568	1.999871924
-9.820496821	1.319475843	1.401527048	1.999806809
-9.762021031	1.340156695	1.401394105	1.999709139
-9.703594001	1.360940196	1.401194702	1.999562641
-9.645204707	1.381835246	1.400895621	1.999342908
-9.586869865	1.402822743	1.400447055	1.999013342
-9.528554321	1.423903166	1.399774328	1.998519066
-9.470276481	1.44507319	1.398765513	1.997777819
-9.412059174	1.466318749	1.397252912	1.99666632
-9.353872598	1.487635795	1.394985398	1.994999906
-9.29567681	1.509028376	1.391587231	1.992502156
-9.237479527	1.530477449	1.386496904	1.988759708
-9.179316378	1.551958252	1.378883047	1.983156876
-9.121155661	1.57348631	1.367511891	1.974763194
-9.063013571	1.595050448	1.350574451	1.962179048
-9.004888378	1.616631665	1.326083537	1.943804652
-8.946789124	1.638220166	1.301708266	1.925300876
-8.888697804	1.659822474	1.277444397	1.906650058
-8.830618469	1.681418327	1.253268999	1.887842565
-8.772518865	1.703011739	1.229259701	1.868891293
-8.714431226	1.724599985	1.205421854	1.849773403
-8.656369219	1.746166846	1.181690179	1.83048104
-8.598249845	1.767725197	1.15810971	1.811060362
-8.540103926	1.789260447	1.134647706	1.791487997
-8.48196694	1.810741588	1.111303729	1.771735151
-8.423827548	1.832157996	1.088171179	1.751803724
-8.36565357	1.853533704	1.065231217	1.731707194
-8.30746912	1.874854219	1.042390461	1.711456474
-8.249256056	1.896110049	1.019712261	1.691113161
-8.191053613	1.917288458	1.008268917	1.680754531
-8.13283068	1.938389531	1.002522559	1.675530305
-8.074571707	1.959400539	1.001080662	1.674217121
-8.016268833	1.980323267	1.000359353	1.673559858
-8.00158891	1.98557618	1.000178945	1.673395433
-8.00066951	1.985905001	1.000088735	1.67331321
-8.000209777	1.986069416	1.000043629	1.673272096
-8.000094838	1.986110522	1.000021075	1.673251538
-8.000037368	1.986131074	1.000009798	1.673241259
-8.000008633	1.986141351	1.00000416	1.673236119
-8.000001449	1.98614392	1.000001341	1.67323355
-7.999997857	1.986145204	1.000000069	1.673232281
-7.999994265	1.986146489	0.999998521	1.67323098
-7.999988877	1.986148416	0.999996407	1.673229053
-7.999980796	1.986151306	0.999993235	1.673226162
-7.999968673	1.986155641	0.999988478	1.673221825
-7.999950489	1.986162144	0.999981342	1.67321532
-7.999923213	1.986171899	0.999970638	1.673205563
-7.999882299	1.98618653	0.999954582	1.673190927
-7.999820928	1.986208477	0.999930498	1.673168973
-7.999728873	1.986241398	0.999894374	1.673136043
-7.99959079	1.986290778	0.999840189	1.673086647
-7.999383668	1.986364847	0.999758917	1.673012552
-7.99907299	1.986475947	0.999637018	1.672901409
-7.998606983	1.986642589	0.999454193	1.672734692
-7.997907995	1.986892535	0.999180005	1.672484613
-7.996859565	1.987267414	0.998768836	1.672109485
-7.995287036	1.987829646	0.998152337	1.67154677
-7.992928504	1.988672796	0.997228158	1.670702649
-7.989391299	1.989937066	0.995843166	1.669436362
-7.984086922	1.991832214	0.993768534	1.667536702
-7.976133219	1.994671977	0.990662945	1.664686728
-7.964209081	1.998925006	0.986018672	1.660410786
-7.961969542	1.999723216	0.979083336	1.653995002
-7.961409494	1.999922798	0.968760181	1.644373026
-7.961269471	1.999972696	0.9534556	1.62993736
-7.961199459	1.999997644	0.931458009	1.608904694
-7.961190182	1.999999237	0.909572459	1.587739442
-7.961186332	2.000002322	0.887852017	1.566502931
-7.961181956	2.000003882	0.866242111	1.545087772
-7.961175393	2.000006221	0.844800672	1.523473606
-7.961165547	2.000009729	0.823622754	1.50167803
-7.961150779	2.000014992	0.802660388	1.479747887
-7.961128626	2.000022886	0.781811883	1.457706677
-7.961095398	2.000034727	0.761122939	1.435587893
-7.961045555	2.000052488	0.740550334	1.41327782
-7.960970791	2.000079129	0.720184139	1.390768535
-7.960858645	2.000119091	0.70011459	1.368109837
-7.960690428	2.000179032	0.680249982	1.345327637
-7.960438105	2.000268941	0.66052057	1.322444582
-7.960059627	2.000403798	0.64096064	1.299459686
-7.959491922	2.000606067	0.621520801	1.276280029
-7.958640394	2.000909439	0.602313144	1.252897015
-7.957363169	2.001364419	0.58348722	1.229474036
-7.955447481	2.00204672	0.564797331	1.205871913
-7.952574284	2.003069789	0.546297439	1.182163077
-7.948265244	2.004603532	0.528006804	1.158307673
-7.941803379	2.006902221	0.509867382	1.134235399
-7.93211439	2.010345942	0.492009651	1.110163178
-7.917589442	2.015501899	0.474387592	1.085999558
-7.895821127	2.023214435	0.456912248	1.061606928
-7.863211303	2.034735939	0.43969161	1.037090902
-7.814391384	2.05191453	0.422750622	1.012380476
-7.75591514	2.072364054	0.418422343	1.005967001
-7.697432847	2.09265917	0.41625412	1.002739951
-7.638897376	2.112817131	0.415169034	1.001121477
-7.580307692	2.132839804	0.414626253	1.000311018
-7.521664135	2.152721111	0.414490481	1.000108198
-7.463000074	2.172448219	0.414422591	1.000006769
-7.404304087	2.192016707	0.414418347	1.000000429
-7.345548128	2.211414779	0.414417286	0.999998844
-7.286722478	2.230639836	0.414416225	0.999997259
-7.227855989	2.249690153	0.414414634	0.999994881
-7.168935309	2.268559058	0.414412247	0.999991315
-7.109942412	2.287243054	0.414408667	0.999985965
-7.050881764	2.30574858	0.414403296	0.999977941
-6.991766706	2.324049883	0.41439524	0.999965905
-6.932633046	2.342110266	0.414383156	0.99994785
-6.873419786	2.359961708	0.41436503	0.999920769
-6.814134893	2.377603363	0.414337842	0.999880148
-6.754773472	2.395025211	0.414297062	0.99981922
-6.695408748	2.412204819	0.414235894	0.999727833
-6.635970805	2.429143986	0.414144148	0.999590765
-6.576446772	2.44582	0.414006545	0.99938519
-6.516835458	2.462241838	0.413800172	0.999076891
-6.457208521	2.478405936	0.413490686	0.998614583
-6.397521331	2.494295943	0.413026623	0.997921436
-6.337724917	2.509908167	0.412330898	0.996882423
-6.277835582	2.525258554	0.411288139	0.995325482
-6.217905265	2.54030043	0.409725851	0.992993589
-6.157928046	2.555012681	0.407386531	0.989503546
-6.097865458	2.569437022	0.403886644	0.98428563
-6.037713275	2.583571131	0.398656796	0.976496116
-6.007432622	2.590560809	0.390914405	0.964934905
-6.003627728	2.591432968	0.379485395	0.947746005
-6.001724517	2.591868717	0.363173398	0.922806715
-6.000772722	2.592086509	0.34711538	0.897592853
-6.000296776	2.592195384	0.331549543	0.872294537
-6.000058792	2.592249816	0.316473852	0.847130045
-6.000000707	2.592263609	0.301437719	0.821763932
-5.999995575	2.592264274	0.286727991	0.796411926
-5.999991856	2.592265125	0.272249235	0.77068445
-5.999986278	2.592266401	0.257896079	0.744800044
-5.999977911	2.592268314	0.24403958	0.719547372
-5.99996536	2.592271185	0.230217984	0.693860336
-5.999946535	2.59227549	0.216567015	0.66782965
-5.999918296	2.592281948	0.203409134	0.641665843
-5.999875938	2.592291635	0.190929985	0.615674632
-5.999812402	2.592306165	0.178816925	0.590004032
-5.999717097	2.592327959	0.166881471	0.564264257
-5.999574142	2.592360649	0.155331825	0.538241695
-5.999359711	2.592409678	0.144003296	0.511584603
-5.999038069	2.59248321	0.132691148	0.483678511
-5.998555618	2.592593485	0.122952489	0.458583309
-5.997831968	2.592758843	0.114146078	0.43553892
-5.996746551	2.593006757	0.106509529	0.415555797
-5.995118555	2.593378354	0.099919583	0.398311398
-5.992676857	2.593935133		
-5.989014971	2.594768918		
-5.983523632	2.596016496		
-5.975289972	2.597880938		
-5.962947008	2.600662181		
-5.944449468	2.604799871		
-5.916741083	2.610931245		
-5.875264422	2.619966632		
-5.814871173	2.632817036		
-5.754389275	2.645327349		
-5.693932942	2.657454551		
-5.633376355	2.669183742		
-5.572711388	2.680494548		
-5.511969778	2.691413796		
-5.451253758	2.701936916		
-5.390439545	2.71201683		
-5.329529301	2.721626161		
-5.26853242	2.730795609		
-5.207555522	2.739505524		
-5.146513182	2.747725298		
-5.085374942	2.755455007		
-5.024157371	2.762733136		
-4.962930671	2.769516504		
-4.901697823	2.775759017		
-4.840391809	2.781490825		
-4.779014691	2.786742955		
-4.717614601	2.791463019		
-4.656256387	2.79559502		
-4.594845261	2.799180004		
-4.53336603	2.802253211		
-4.471875525	2.804767643		
-4.410450768	2.806658806		
-4.349007881	2.80795694		
-4.287507771	2.808710982		
-4.225974158	2.808892448		
-4.164462036	2.808460345		
-4.102928487	2.807462167		
-4.041382898	2.805957689		
-4.010376961	2.805005547		
-4.002582992	2.804744475		
-4.000631889	2.804677777		
-4.000143951	2.804661013		
-4.000021956	2.804656816		
-4.000006706	2.804656292		
-4.000000919	2.804656546		
-3.999997175	2.804655964		
-3.999995269	2.804655898		
-3.999992409	2.8046558		
-3.999988121	2.804655652		
-3.999981687	2.804655431		
-3.999972037	2.804655099		
-3.999957562	2.8046546		
-3.999935849	2.804653853		
-3.999903279	2.804652732		
-3.999854426	2.804651049		
-3.999781146	2.804648524		
-3.999671229	2.804644735		
-3.999506355	2.804639046		
-3.999259052	2.8046305		
-3.998888115	2.804617655		
-3.998331746	2.80459833		
-3.997497278	2.804569208		
-3.996245766	2.804525228		
-3.994368926	2.804458591		
-3.991554629	2.804357139		
-3.987335343	2.804201617		
-3.981011264	2.80396088		
-3.971536012	2.803583242		
-3.957347433	2.802980373		
-3.93612497	2.801997857		
-3.905249819	2.800402409		
-3.874371578	2.798617054		
-3.843471014	2.796647679		
-3.812583547	2.794506315		
-3.781704721	2.792203388		
-3.750828099	2.789743773		
-3.71998222	2.787116407		
-3.689157181	2.784313587		
-3.658345256	2.781346606		
-3.627535935	2.778219471		
-3.596760158	2.774921705		
-3.566012582	2.771445601		
-3.535279679	2.767800299		
-3.504558231	2.763992128		
-3.473872061	2.76001274		
-3.443215664	2.755851216		
-3.412578534	2.75151406		
-3.381959501	2.747011282		
-3.351383717	2.74234228		
-3.320833015	2.737493263		
-3.290305646	2.732467288		
-3.259806548	2.727275804		
-3.229356874	2.721919157		
-3.198932865	2.71637932		
-3.168533887	2.710655112		
-3.138177039	2.704762216		
-3.107863273	2.698699475		
-3.077591138	2.692451317		
-3.0473536	2.686015776		
-3.017152989	2.679404756		
-3.001983517	2.676018071		
-3.000079208	2.675589883		
-3.000019663	2.675576483		
-3.000004777	2.675573133		
-3.000001055	2.675572296		
-2.999999195	2.675571877		
-2.999997334	2.675571458		
-2.999994543	2.67557083		
-2.999990356	2.675569888		
-2.999984076	2.675568474		
-2.999974655	2.675566354		
-2.999960525	2.675563174		
-2.999939329	2.675558404		
-2.999907536	2.675551249		
-2.999859847	2.675540515		
-2.999788313	2.675524414		
-2.999681015	2.67550026		
-2.999520073	2.675464025		
-2.999278668	2.675409663		
-2.998916583	2.675328099		
-2.998373504	2.675205702		
-2.997558995	2.675021997		
-2.996337477	2.67474619		
-2.994505754	2.674331925		
-2.991759411	2.67370928		
-2.987642683	2.672772531		
-2.981473833	2.671361218		
-2.972234509	2.669230551		
-2.958406759	2.666004554		
-2.937742668	2.661103897		
-2.907717601	2.653820984		
-2.877719377	2.646359522		
-2.847788008	2.638712685		
-2.817918361	2.630864302		
-2.788092811	2.622822301		
-2.758309125	2.614604128		
-2.728604124	2.606216506		
-2.698941701	2.597632122		
-2.669328344	2.58885482		
-2.639779861	2.579903607		
-2.61029518	2.570775887		
-2.580875541	2.561452514		
-2.551525497	2.551932756		
-2.522227113	2.542224662		
-2.492987239	2.532333881		
-2.463833379	2.52224903		
-2.434762043	2.511957499		
-2.405752524	2.501466562		
-2.376804873	2.490799376		
-2.347955609	2.479959731		
-2.31916636	2.468913021		
-2.290443925	2.45767392		
-2.261810591	2.446266382		
-2.233253907	2.434676462		
-2.204779813	2.422882163		
-2.176411634	2.41089222		
-2.148115873	2.398707659		
-2.119882476	2.386331087		
-2.091773638	2.37376423		
-2.063757027	2.360989623		
-2.035812977	2.348029796		
-2.007964955	2.334910873		
-2.000935468	2.331568628		
-2.000054253	2.331148798		
-2.000026704	2.33113567		
-2.000012929	2.331129106		
-2.000006042	2.331125823		
-2.000002598	2.331124182		
-2.000000876	2.331123362		
-1.999999154	2.331122541		
-1.999996572	2.331121311		
-1.999992698	2.331119464		
-1.999986886	2.331116695		
-1.99997817	2.331112541		
-1.999965095	2.33110631		
-1.999945482	2.331096964		
-1.999916064	2.331082944		
-1.999871937	2.331061914		
-1.999805747	2.331030368		
-1.999706467	2.330983048		
-1.999557552	2.330912064		
-1.999334195	2.33080558		
-1.998999192	2.330645836		
-1.998496765	2.33040618		
-1.997743292	2.330046606		
-1.996613464	2.329507042		
-1.994919577	2.328697243		
-1.992380663	2.327481534		
-1.98857658	2.325655724		
-1.982880028	2.322912052		
-1.974356479	2.318785699		
-1.961618187	2.312572778		
-1.942616627	2.30320513		
-1.915114904	2.289441524		
-1.887682378	2.275482437		
-1.860347859	2.261333699		
-1.83315769	2.246990036		
-1.806068321	2.232443311		
-1.779062993	2.217721233		
-1.752171158	2.202854042		
-1.725385684	2.187802562		
-1.698712663	2.172536416		
-1.672182886	2.157083685		
-1.645750471	2.141432111		
-1.619417071	2.125589434		
-1.593244065	2.10956969		
-1.567184254	2.093334483		
-1.541237922	2.076904882		
-1.515431622	2.060303224		
-1.489742617	2.043494047		
-1.464208202	2.02645535		
-1.438866418	2.009183763		
-1.426134104	2.000372225		
-1.425733366	2.000093487		
-1.425633166	2.000023779		
-1.425608116	2.00000635		
-1.425601853	2.000001993		
-1.425598757	2.000000185		
-1.425597156	1.999998725		
-1.42559559	1.999997636		
-1.425593241	1.999996002		
-1.425589719	1.999993551		
-1.425584435	1.999989875		
-1.425576508	1.99998436		
-1.425564619	1.999976088		
-1.425546785	1.99996368		
-1.425520035	1.999945068		
-1.42547991	1.99991715		
-1.425419724	1.999875273		
-1.425329448	1.999812457		
-1.425194041	1.999718231		
-1.424990947	1.999576892		
-1.424686342	1.999364877		
-1.424229517	1.999046845		
-1.423544463	1.998569775		
-1.422517293	1.99785412		
-1.420977464	1.996780525		
-1.418669791	1.995169887		
-1.415212908	1.992753396		
-1.410037881	1.989127524		
-1.402298149	1.983686361		
-1.390744519	1.97552389		
-1.373545203	1.963283044		
-1.348712811	1.945362888		
-1.324016709	1.927218583		
-1.299510759	1.908908554		
-1.275126687	1.890399275		
-1.250857629	1.871720948		
-1.226790964	1.852925255		
-1.202839158	1.833925391		
-1.179010414	1.814752745		
-1.155346862	1.795446292		
-1.131789749	1.775965389		
-1.108379808	1.756303975		
-1.085195348	1.736493222		
-1.062144759	1.716504271		
-1.039223223	1.696373712		
-1.016452195	1.676119704		
-1.004964021	1.665804431		
-1.00207076	1.66319686		
-1.000622724	1.661890379		
-1.000260397	1.661563323		
-1.000079211	1.661399753		
-1.00003391	1.661358854		
-1.000011259	1.661338404		
-1.000000067	1.661328206		
-0.999998518	1.6613269		
-0.999997102	1.661325622		
-0.999994978	1.661323705		
-0.999991793	1.661320829		
-0.999987015	1.661316515		
-0.999979848	1.661310044		
-0.999969098	1.661300338		
-0.999952972	1.661285779		
-0.999928785	1.66126394		
-0.999892504	1.661231181		
-0.999838085	1.661182043		
-0.999756462	1.661108335		
-0.999634036	1.660997773		
-0.999450419	1.660831927		
-0.999175046	1.660583152		
-0.998762098	1.660209977		
-0.998142931	1.659650187		
-0.997214751	1.65881044		
-0.99582376	1.657550685		
-0.993740132	1.655660757		
-0.990621064	1.652825238		
-0.985956599	1.648570656		
-0.978993693	1.642187194		
-0.968635288	1.63261137		
-0.953274828	1.618251461		
-0.931167608	1.597338201		
-0.909185152	1.57629982		
-0.887354891	1.555153565		
-0.86564177	1.533822507		
-0.844133295	1.512299569		
-0.822886461	1.490615772		
-0.80180448	1.468786458		
-0.780868188	1.446857497		
-0.760077741	1.424808252		
-0.739411329	1.402560986		
-0.718994265	1.380123867		
-0.698878067	1.357572215		
-0.678892842	1.334866078		
-0.659090811	1.312077481		
-0.639443869	1.289136839		
-0.619925142	1.265993997		
-0.600710808	1.242739345		
-0.581803017	1.219377487		
-0.563010795	1.195821513		
-0.544463375	1.172183889		
-0.526100047	1.148334346		
-0.507876343	1.124286493		
-0.490007031	1.100368095		
-0.472274482	1.076242167		
-0.454696914	1.051886298		
-0.437441519	1.027435512		
-0.420456587	1.002717923		
-0.419363055	1.00110517		
-0.418816066	1.000297552		
-0.418679243	1.000095441		
-0.418645032	1.0000449		
-0.418627927	1.000019628		
-0.418619374	1.000006992		
-0.418615098	1.000000674		
-0.418614028	0.999999094		
-0.418612959	0.999997515		
-0.418611356	0.999995145		
-0.41860895	0.999991591		
-0.418605342	0.99998626		
-0.41859993	0.999978264		
-0.418591811	0.99996627		
-0.418579634	0.999948278		
-0.418561368	0.999921292		
-0.418533969	0.999880813		
-0.418492873	0.999820097		
-0.418431232	0.999729028		
-0.418338778	0.999592437		
-0.418200112	0.999387578		
-0.417992149	0.999080351		
-0.417680283	0.998619648		
-0.417212664	0.997928902		
-0.416511636	0.996893473		
-0.415460992	0.995341876		
-0.413887026	0.993017922		
-0.411530523	0.989539618		
-0.40800558	0.984338949		
-0.402739616	0.976574487		
-0.394934364	0.965039931		
-0.383425495	0.947910234		
-0.366997309	0.923081971		
-0.350769861	0.897953675		
-0.335051247	0.872744773		
-0.319855707	0.84766339		
-0.304680637	0.822345572		
-0.289854188	0.797052452		
-0.275258685	0.771381426		
-0.26080507	0.745546423		
-0.246825595	0.720365882		
-0.232849773	0.69477622		
-0.219071199	0.668824883		
-0.205770462	0.642709983		
-0.193153151	0.616741163		
-0.180966384	0.59113305		
-0.168919245	0.565403553		
-0.15727336	0.539453124		
-0.145858839	0.512845761		
-0.134374523	0.484717949		
-0.124541589	0.459457665		
-0.115688636	0.436291486		
-0.107957409	0.416060613		
-0.101362423	0.398803022		
