# rho
-1.320000e+02 -4.185368e+00
-1.338365e+02 -4.000000e+00
-1.280000e+02 -4.496158e+00
-1.320000e+02 -4.185368e+00
-1.400000e+02 -1.394898e+00
-1.426496e+02 0.000000e+00
-1.360000e+02 -3.150482e+00
-1.400000e+02 -1.394898e+00
-1.338365e+02 -4.000000e+00
-1.360000e+02 -3.150482e+00
-1.260000e+02 -4.613046e+00
-1.280000e+02 -4.609463e+00
-1.240000e+02 -4.653742e+00
-1.260000e+02 -4.613046e+00
-1.220000e+02 -4.702036e+00
-1.240000e+02 -4.653742e+00
-1.200000e+02 -4.757927e+00
-1.220000e+02 -4.702036e+00
-1.180000e+02 -4.809564e+00
-1.200000e+02 -4.757927e+00
-1.160000e+02 -4.854549e+00
-1.180000e+02 -4.809564e+00
-1.140000e+02 -4.883977e+00
-1.160000e+02 -4.854549e+00
-1.120000e+02 -4.824498e+00
-1.140000e+02 -4.883977e+00
-1.050000e+02 -5.026512e+00
-1.055134e+02 -5.000000e+00
-1.040000e+02 -5.079310e+00
-1.050000e+02 -5.026512e+00
-1.110000e+02 -4.736073e+00
-1.120000e+02 -4.963501e+00
-1.100000e+02 -4.772524e+00
-1.110000e+02 -4.736073e+00
-1.090000e+02 -4.823222e+00
-1.100000e+02 -4.772524e+00
-1.080000e+02 -4.875728e+00
-1.090000e+02 -4.823222e+00
-1.070000e+02 -4.926250e+00
-1.080000e+02 -4.875728e+00
-1.060000e+02 -4.975647e+00
-1.070000e+02 -4.926250e+00
-1.055134e+02 -5.000000e+00
-1.060000e+02 -4.975647e+00
-1.030000e+02 -5.133177e+00
-1.040000e+02 -5.079310e+00
-1.020000e+02 -5.188060e+00
-1.030000e+02 -5.133177e+00
-1.010000e+02 -5.244092e+00
-1.020000e+02 -5.188060e+00
-1.000000e+02 -5.301406e+00
-1.010000e+02 -5.244092e+00
-9.900000e+01 -5.360023e+00
-1.000000e+02 -5.301406e+00
-9.800000e+01 -5.419923e+00
-9.900000e+01 -5.360023e+00
-9.700000e+01 -5.481121e+00
-9.800000e+01 -5.419923e+00
-9.600000e+01 -5.543669e+00
-9.700000e+01 -5.481121e+00
-8.900000e+01 -6.025312e+00
-8.932196e+01 -6.000000e+00
-8.800000e+01 -6.105526e+00
-8.900000e+01 -6.025312e+00
-9.500000e+01 -5.607621e+00
-9.600000e+01 -5.543669e+00
-9.400000e+01 -5.673030e+00
-9.500000e+01 -5.607621e+00
-9.300000e+01 -5.739962e+00
-9.400000e+01 -5.673030e+00
-9.200000e+01 -5.808477e+00
-9.300000e+01 -5.739962e+00
-9.100000e+01 -5.878583e+00
-9.200000e+01 -5.808477e+00
-9.000000e+01 -5.950275e+00
-9.100000e+01 -5.878583e+00
-8.932196e+01 -6.000000e+00
-9.000000e+01 -5.950275e+00
-8.700000e+01 -6.187539e+00
-8.800000e+01 -6.105526e+00
-8.600000e+01 -6.271427e+00
-8.700000e+01 -6.187539e+00
-8.500000e+01 -6.357254e+00
-8.600000e+01 -6.271427e+00
-8.400000e+01 -6.445119e+00
-8.500000e+01 -6.357254e+00
-8.300000e+01 -6.535140e+00
-8.400000e+01 -6.445119e+00
-8.200000e+01 -6.627414e+00
-8.300000e+01 -6.535140e+00
-8.100000e+01 -6.722016e+00
-8.200000e+01 -6.627414e+00
-8.000000e+01 -6.819017e+00
-8.100000e+01 -6.722016e+00
-7.000000e+01 -8.010916e+00
-7.007310e+01 -8.000000e+00
-6.900000e+01 -8.162589e+00
-7.000000e+01 -8.010916e+00
-6.800000e+01 -8.316405e+00
-6.900000e+01 -8.162589e+00
-6.700000e+01 -8.472575e+00
-6.800000e+01 -8.316405e+00
-6.600000e+01 -8.631275e+00
-6.700000e+01 -8.472575e+00
-6.500000e+01 -8.792655e+00
-6.600000e+01 -8.631275e+00
-6.400000e+01 -8.956887e+00
-6.500000e+01 -8.792655e+00
-7.800000e+01 -7.022704e+00
-7.820186e+01 -7.000000e+00
-7.700000e+01 -7.137340e+00
-7.800000e+01 -7.022704e+00
-7.600000e+01 -7.254263e+00
-7.700000e+01 -7.137340e+00
-7.500000e+01 -7.373600e+00
-7.600000e+01 -7.254263e+00
-7.400000e+01 -7.495444e+00
-7.500000e+01 -7.373600e+00
-7.300000e+01 -7.619863e+00
-7.400000e+01 -7.495444e+00
-7.200000e+01 -7.746951e+00
-7.300000e+01 -7.619863e+00
-7.900000e+01 -6.918521e+00
-8.000000e+01 -6.819017e+00
-7.820186e+01 -7.000000e+00
-7.900000e+01 -6.918521e+00
-7.100000e+01 -7.876846e+00
-7.200000e+01 -7.746951e+00
-7.007310e+01 -8.000000e+00
-7.100000e+01 -7.876846e+00
-3.200000e+01 -1.604968e+01
-3.277519e+01 -1.600000e+01
-5.800000e+01 -1.013669e+01
-5.859488e+01 -1.000000e+01
-5.700000e+01 -1.036826e+01
-5.800000e+01 -1.013669e+01
-5.600000e+01 -1.060133e+01
-5.700000e+01 -1.036826e+01
-6.300000e+01 -9.140536e+00
-6.374214e+01 -9.000000e+00
-6.200000e+01 -9.331769e+00
-6.300000e+01 -9.140536e+00
-6.100000e+01 -9.524949e+00
-6.200000e+01 -9.331769e+00
-6.000000e+01 -9.720429e+00
-6.100000e+01 -9.524949e+00
-5.900000e+01 -9.918532e+00
-6.000000e+01 -9.720429e+00
-5.859488e+01 -1.000000e+01
-5.900000e+01 -9.918532e+00
-6.374214e+01 -9.000000e+00
-6.400000e+01 -8.956887e+00
-5.000000e+01 -1.216152e+01
-5.056014e+01 -1.200000e+01
-4.900000e+01 -1.244942e+01
-5.000000e+01 -1.216152e+01
-4.800000e+01 -1.273641e+01
-4.900000e+01 -1.244942e+01
-5.400000e+01 -1.108212e+01
-5.430826e+01 -1.100000e+01
-5.300000e+01 -1.134944e+01
-5.400000e+01 -1.108212e+01
-5.200000e+01 -1.161621e+01
-5.300000e+01 -1.134944e+01
-5.100000e+01 -1.188250e+01
-5.200000e+01 -1.161621e+01
-5.056014e+01 -1.200000e+01
-5.100000e+01 -1.188250e+01
-5.500000e+01 -1.083615e+01
-5.600000e+01 -1.060133e+01
-5.430826e+01 -1.100000e+01
-5.500000e+01 -1.083615e+01
-4.300000e+01 -1.415571e+01
-4.361392e+01 -1.400000e+01
-4.200000e+01 -1.439723e+01
-4.300000e+01 -1.415571e+01
-4.100000e+01 -1.462877e+01
-4.200000e+01 -1.439723e+01
-4.000000e+01 -1.485112e+01
-4.100000e+01 -1.462877e+01
-4.700000e+01 -1.302545e+01
-4.708616e+01 -1.300000e+01
-4.600000e+01 -1.332439e+01
-4.700000e+01 -1.302545e+01
-4.500000e+01 -1.361787e+01
-4.600000e+01 -1.332439e+01
-4.400000e+01 -1.389719e+01
-4.500000e+01 -1.361787e+01
-4.361392e+01 -1.400000e+01
-4.400000e+01 -1.389719e+01
-4.708616e+01 -1.300000e+01
-4.800000e+01 -1.273641e+01
-3.900000e+01 -1.505806e+01
-3.929970e+01 -1.500000e+01
-3.800000e+01 -1.524324e+01
-3.900000e+01 -1.505806e+01
-3.700000e+01 -1.541384e+01
-3.800000e+01 -1.524324e+01
-3.600000e+01 -1.557053e+01
-3.700000e+01 -1.541384e+01
-3.500000e+01 -1.571589e+01
-3.600000e+01 -1.557053e+01
-3.400000e+01 -1.585360e+01
-3.500000e+01 -1.571589e+01
-3.300000e+01 -1.598530e+01
-3.400000e+01 -1.585360e+01
-3.277519e+01 -1.600000e+01
-3.300000e+01 -1.598530e+01
-3.929970e+01 -1.500000e+01
-4.000000e+01 -1.485112e+01
-3.100000e+01 -1.609254e+01
-3.200000e+01 -1.604968e+01
-3.000000e+01 -1.619203e+01
-3.100000e+01 -1.609254e+01
-2.900000e+01 -1.630362e+01
-3.000000e+01 -1.619203e+01
-2.800000e+01 -1.648949e+01
-2.900000e+01 -1.630362e+01
-2.700000e+01 -1.651624e+01
-2.800000e+01 -1.648949e+01
-2.600000e+01 -1.660793e+01
-2.700000e+01 -1.651624e+01
-2.500000e+01 -1.668724e+01
-2.600000e+01 -1.660793e+01
-2.400000e+01 -1.675487e+01
-2.500000e+01 -1.668724e+01
-2.300000e+01 -1.681198e+01
-2.400000e+01 -1.675487e+01
-2.200000e+01 -1.685906e+01
-2.300000e+01 -1.681198e+01
-2.100000e+01 -1.689574e+01
-2.200000e+01 -1.685906e+01
-2.000000e+01 -1.693138e+01
-2.100000e+01 -1.689574e+01
-1.900000e+01 -1.693473e+01
-2.000000e+01 -1.693138e+01
-1.800000e+01 -1.693531e+01
-1.900000e+01 -1.693473e+01
-1.700000e+01 -1.692214e+01
-1.800000e+01 -1.693531e+01
-1.600000e+01 -1.689415e+01
-1.700000e+01 -1.692214e+01
-1.500000e+01 -1.685018e+01
-1.600000e+01 -1.689415e+01
-1.400000e+01 -1.678919e+01
-1.500000e+01 -1.685018e+01
-1.300000e+01 -1.670972e+01
-1.400000e+01 -1.678919e+01
-1.200000e+01 -1.666025e+01
-1.300000e+01 -1.670972e+01
-1.100000e+01 -1.648718e+01
-1.200000e+01 -1.666025e+01
-1.000000e+01 -1.633803e+01
-1.100000e+01 -1.648718e+01
-9.000000e+00 -1.615813e+01
-1.000000e+01 -1.633803e+01
-8.274010e+00 -1.600000e+01
-9.000000e+00 -1.615813e+01
-8.289250e+00 -1.600000e+01
-8.000000e+00 -1.596199e+01
-7.500000e+00 -1.587511e+01
-8.000000e+00 -1.596199e+01
-7.000000e+00 -1.579725e+01
-7.500000e+00 -1.587511e+01
-6.500000e+00 -1.570190e+01
-7.000000e+00 -1.579725e+01
-6.000000e+00 -1.560886e+01
-6.500000e+00 -1.570190e+01
-5.500000e+00 -1.550390e+01
-6.000000e+00 -1.560886e+01
-5.482678e+00 -1.550000e+01
-5.500000e+00 -1.550390e+01
-5.482678e+00 -1.550000e+01
-5.000000e+00 -1.535416e+01
-4.500000e+00 -1.519242e+01
-5.000000e+00 -1.535416e+01
-4.000000e+00 -1.501621e+01
-4.500000e+00 -1.519242e+01
-3.958351e+00 -1.500000e+01
-4.000000e+00 -1.501621e+01
-3.958351e+00 -1.500000e+01
-3.500000e+00 -1.481772e+01
-3.000000e+00 -1.460317e+01
-3.500000e+00 -1.481772e+01
-2.780504e+00 -1.450000e+01
-3.000000e+00 -1.460317e+01
-2.780504e+00 -1.450000e+01
-2.500000e+00 -1.436536e+01
-2.000000e+00 -1.410793e+01
-2.500000e+00 -1.436536e+01
-1.805601e+00 -1.400000e+01
-2.000000e+00 -1.410793e+01
-1.805601e+00 -1.400000e+01
-1.500000e+00 -1.382773e+01
-1.000000e+00 -1.353029e+01
-1.500000e+00 -1.382773e+01
-9.524677e-01 -1.350000e+01
-1.000000e+00 -1.353029e+01
-9.524677e-01 -1.350000e+01
-5.000000e-01 -1.320790e+01
-1.983502e-01 -1.300000e+01
-5.000000e-01 -1.320790e+01
-1.983502e-01 -1.300000e+01
0.000000e+00 -1.286079e+01
4.804697e-01 -1.250000e+01
0.000000e+00 -1.286079e+01
4.804697e-01 -1.250000e+01
5.000000e-01 -1.248505e+01
1.000000e+00 -1.207465e+01
5.000000e-01 -1.248505e+01
1.084370e+00 -1.200000e+01
1.000000e+00 -1.207465e+01
1.084370e+00 -1.200000e+01
1.500000e+00 -1.162854e+01
1.633272e+00 -1.150000e+01
1.500000e+00 -1.162854e+01
1.633272e+00 -1.150000e+01
2.000000e+00 -1.114305e+01
2.135486e+00 -1.100000e+01
2.000000e+00 -1.114305e+01
2.135486e+00 -1.100000e+01
2.500000e+00 -1.061033e+01
2.594606e+00 -1.050000e+01
2.500000e+00 -1.061033e+01
2.594606e+00 -1.050000e+01
3.000000e+00 -1.001593e+01
3.012129e+00 -1.000000e+01
3.000000e+00 -1.001593e+01
3.012129e+00 -1.000000e+01
3.377288e+00 -9.500000e+00
3.377288e+00 -9.500000e+00
3.500000e+00 -9.323081e+00
3.700944e+00 -9.000000e+00
3.500000e+00 -9.323081e+00
3.700944e+00 -9.000000e+00
3.983131e+00 -8.500000e+00
3.983131e+00 -8.500000e+00
4.000000e+00 -8.463592e+00
4.205810e+00 -8.000000e+00
4.000000e+00 -8.463592e+00
4.192345e+00 -8.000000e+00
4.250000e+00 -7.913123e+00
4.366005e+00 -7.750000e+00
4.250000e+00 -7.913123e+00
4.366005e+00 -7.750000e+00
4.495647e+00 -7.500000e+00
4.495647e+00 -7.500000e+00
4.500000e+00 -7.491329e+00
4.617861e+00 -7.250000e+00
4.500000e+00 -7.491329e+00
4.617861e+00 -7.250000e+00
4.723711e+00 -7.000000e+00
4.723711e+00 -7.000000e+00
4.750000e+00 -6.925597e+00
4.811309e+00 -6.750000e+00
4.750000e+00 -6.925597e+00
4.811309e+00 -6.750000e+00
4.879599e+00 -6.500000e+00
4.879599e+00 -6.500000e+00
4.924614e+00 -6.250000e+00
4.924614e+00 -6.250000e+00
4.940826e+00 -6.000000e+00
4.940826e+00 -6.000000e+00
4.928723e+00 -5.750000e+00
4.928723e+00 -5.750000e+00
4.895746e+00 -5.500000e+00
4.895746e+00 -5.500000e+00
4.851943e+00 -5.250000e+00
4.851943e+00 -5.250000e+00
4.810048e+00 -5.000000e+00
4.810048e+00 -5.000000e+00
4.787784e+00 -4.750000e+00
4.787784e+00 -4.750000e+00
4.814898e+00 -4.500000e+00
4.814898e+00 -4.500000e+00
4.938266e+00 -4.250000e+00
4.938266e+00 -4.250000e+00
5.000000e+00 -4.195534e+00
5.250000e+00 -4.028084e+00
5.000000e+00 -4.195534e+00
5.300244e+00 -4.000000e+00
5.250000e+00 -4.028084e+00
5.300244e+00 -4.000000e+00
5.500000e+00 -3.925863e+00
5.750000e+00 -3.826428e+00
5.500000e+00 -3.925863e+00
5.900506e+00 -3.750000e+00
5.750000e+00 -3.826428e+00
5.900506e+00 -3.750000e+00
6.000000e+00 -3.703874e+00
6.250000e+00 -3.568833e+00
6.000000e+00 -3.703874e+00
6.366540e+00 -3.500000e+00
6.250000e+00 -3.568833e+00
6.366540e+00 -3.500000e+00
6.500000e+00 -3.421721e+00
6.750000e+00 -3.256502e+00
6.500000e+00 -3.421721e+00
6.758278e+00 -3.250000e+00
6.750000e+00 -3.256502e+00
6.758278e+00 -3.250000e+00
7.000000e+00 -3.038011e+00
7.033811e+00 -3.000000e+00
7.000000e+00 -3.038011e+00
7.033811e+00 -3.000000e+00
7.224191e+00 -2.750000e+00
7.224191e+00 -2.750000e+00
7.250000e+00 -2.710390e+00
7.368072e+00 -2.500000e+00
7.250000e+00 -2.710390e+00
7.368072e+00 -2.500000e+00
7.477310e+00 -2.250000e+00
7.477310e+00 -2.250000e+00
7.500000e+00 -2.190882e+00
7.568941e+00 -2.000000e+00
7.500000e+00 -2.190882e+00
-1.426496e+02 0.000000e+00
-1.400000e+02 1.394898e+00
-1.360000e+02 3.150482e+00
-1.400000e+02 1.394898e+00
-1.338365e+02 4.000000e+00
-1.360000e+02 3.150482e+00
-1.338365e+02 4.000000e+00
-1.320000e+02 4.185368e+00
-1.280000e+02 4.496158e+00
-1.320000e+02 4.185368e+00
-1.260000e+02 4.613046e+00
-1.280000e+02 4.609463e+00
-1.240000e+02 4.653742e+00
-1.260000e+02 4.613046e+00
-1.220000e+02 4.702036e+00
-1.240000e+02 4.653742e+00
-1.200000e+02 4.757927e+00
-1.220000e+02 4.702036e+00
-1.180000e+02 4.809564e+00
-1.200000e+02 4.757927e+00
-1.160000e+02 4.854549e+00
-1.180000e+02 4.809564e+00
-1.140000e+02 4.883977e+00
-1.160000e+02 4.854549e+00
-1.120000e+02 4.824498e+00
-1.140000e+02 4.883977e+00
-1.110000e+02 4.736073e+00
-1.120000e+02 4.963501e+00
-1.100000e+02 4.772524e+00
-1.110000e+02 4.736073e+00
-1.090000e+02 4.823222e+00
-1.100000e+02 4.772524e+00
-1.080000e+02 4.875728e+00
-1.090000e+02 4.823222e+00
-1.070000e+02 4.926250e+00
-1.080000e+02 4.875728e+00
-1.060000e+02 4.975647e+00
-1.070000e+02 4.926250e+00
-1.055134e+02 5.000000e+00
-1.060000e+02 4.975647e+00
-1.055134e+02 5.000000e+00
-1.050000e+02 5.026512e+00
-1.040000e+02 5.079310e+00
-1.050000e+02 5.026512e+00
-1.030000e+02 5.133177e+00
-1.040000e+02 5.079310e+00
-1.020000e+02 5.188060e+00
-1.030000e+02 5.133177e+00
-1.010000e+02 5.244092e+00
-1.020000e+02 5.188060e+00
-1.000000e+02 5.301406e+00
-1.010000e+02 5.244092e+00
-9.900000e+01 5.360023e+00
-1.000000e+02 5.301406e+00
-9.800000e+01 5.419923e+00
-9.900000e+01 5.360023e+00
-9.700000e+01 5.481121e+00
-9.800000e+01 5.419923e+00
-9.600000e+01 5.543669e+00
-9.700000e+01 5.481121e+00
-9.500000e+01 5.607621e+00
-9.600000e+01 5.543669e+00
-9.400000e+01 5.673030e+00
-9.500000e+01 5.607621e+00
-9.300000e+01 5.739962e+00
-9.400000e+01 5.673030e+00
-9.200000e+01 5.808477e+00
-9.300000e+01 5.739962e+00
-9.100000e+01 5.878583e+00
-9.200000e+01 5.808477e+00
-9.000000e+01 5.950275e+00
-9.100000e+01 5.878583e+00
-8.932196e+01 6.000000e+00
-9.000000e+01 5.950275e+00
-8.932196e+01 6.000000e+00
-8.900000e+01 6.025312e+00
-8.800000e+01 6.105526e+00
-8.900000e+01 6.025312e+00
-8.700000e+01 6.187539e+00
-8.800000e+01 6.105526e+00
-8.600000e+01 6.271427e+00
-8.700000e+01 6.187539e+00
-8.500000e+01 6.357254e+00
-8.600000e+01 6.271427e+00
-8.400000e+01 6.445119e+00
-8.500000e+01 6.357254e+00
-8.300000e+01 6.535140e+00
-8.400000e+01 6.445119e+00
-8.200000e+01 6.627414e+00
-8.300000e+01 6.535140e+00
-8.100000e+01 6.722016e+00
-8.200000e+01 6.627414e+00
-8.000000e+01 6.819017e+00
-8.100000e+01 6.722016e+00
-7.900000e+01 6.918521e+00
-8.000000e+01 6.819017e+00
-7.820186e+01 7.000000e+00
-7.900000e+01 6.918521e+00
-7.820186e+01 7.000000e+00
-7.800000e+01 7.022704e+00
-7.700000e+01 7.137340e+00
-7.800000e+01 7.022704e+00
-7.600000e+01 7.254263e+00
-7.700000e+01 7.137340e+00
-7.500000e+01 7.373600e+00
-7.600000e+01 7.254263e+00
-7.400000e+01 7.495444e+00
-7.500000e+01 7.373600e+00
-7.300000e+01 7.619863e+00
-7.400000e+01 7.495444e+00
-7.200000e+01 7.746951e+00
-7.300000e+01 7.619863e+00
-7.100000e+01 7.876846e+00
-7.200000e+01 7.746951e+00
-7.007310e+01 8.000000e+00
-7.100000e+01 7.876846e+00
-7.007310e+01 8.000000e+00
-7.000000e+01 8.010916e+00
-6.900000e+01 8.162589e+00
-7.000000e+01 8.010916e+00
-6.800000e+01 8.316405e+00
-6.900000e+01 8.162589e+00
-6.700000e+01 8.472575e+00
-6.800000e+01 8.316405e+00
-6.600000e+01 8.631275e+00
-6.700000e+01 8.472575e+00
-6.500000e+01 8.792655e+00
-6.600000e+01 8.631275e+00
-6.400000e+01 8.956887e+00
-6.500000e+01 8.792655e+00
-6.374214e+01 9.000000e+00
-6.400000e+01 8.956887e+00
-6.374214e+01 9.000000e+00
-6.300000e+01 9.140536e+00
-6.200000e+01 9.331769e+00
-6.300000e+01 9.140536e+00
-6.100000e+01 9.524949e+00
-6.200000e+01 9.331769e+00
-6.000000e+01 9.720429e+00
-6.100000e+01 9.524949e+00
-5.900000e+01 9.918532e+00
-6.000000e+01 9.720429e+00
-5.859488e+01 1.000000e+01
-5.900000e+01 9.918532e+00
-5.859488e+01 1.000000e+01
-5.800000e+01 1.013669e+01
-5.700000e+01 1.036826e+01
-5.800000e+01 1.013669e+01
-5.600000e+01 1.060133e+01
-5.700000e+01 1.036826e+01
-5.500000e+01 1.083615e+01
-5.600000e+01 1.060133e+01
-5.430826e+01 1.100000e+01
-5.500000e+01 1.083615e+01
-5.430826e+01 1.100000e+01
-5.400000e+01 1.108212e+01
-5.300000e+01 1.134944e+01
-5.400000e+01 1.108212e+01
-5.200000e+01 1.161621e+01
-5.300000e+01 1.134944e+01
-5.100000e+01 1.188250e+01
-5.200000e+01 1.161621e+01
-5.056014e+01 1.200000e+01
-5.100000e+01 1.188250e+01
-5.056014e+01 1.200000e+01
-5.000000e+01 1.216152e+01
-4.900000e+01 1.244942e+01
-5.000000e+01 1.216152e+01
-4.800000e+01 1.273641e+01
-4.900000e+01 1.244942e+01
-4.708616e+01 1.300000e+01
-4.800000e+01 1.273641e+01
-4.708616e+01 1.300000e+01
-4.700000e+01 1.302545e+01
-4.600000e+01 1.332439e+01
-4.700000e+01 1.302545e+01
-4.500000e+01 1.361787e+01
-4.600000e+01 1.332439e+01
-4.400000e+01 1.389719e+01
-4.500000e+01 1.361787e+01
-4.361392e+01 1.400000e+01
-4.400000e+01 1.389719e+01
-4.361392e+01 1.400000e+01
-4.300000e+01 1.415571e+01
-4.200000e+01 1.439723e+01
-4.300000e+01 1.415571e+01
-4.100000e+01 1.462877e+01
-4.200000e+01 1.439723e+01
-4.000000e+01 1.485112e+01
-4.100000e+01 1.462877e+01
-3.929970e+01 1.500000e+01
-4.000000e+01 1.485112e+01
-3.929970e+01 1.500000e+01
-3.900000e+01 1.505806e+01
-3.800000e+01 1.524324e+01
-3.900000e+01 1.505806e+01
-3.700000e+01 1.541384e+01
-3.800000e+01 1.524324e+01
-3.600000e+01 1.557053e+01
-3.700000e+01 1.541384e+01
-3.500000e+01 1.571589e+01
-3.600000e+01 1.557053e+01
-3.400000e+01 1.585360e+01
-3.500000e+01 1.571589e+01
-3.300000e+01 1.598530e+01
-3.400000e+01 1.585360e+01
-3.277519e+01 1.600000e+01
-3.300000e+01 1.598530e+01
-3.277519e+01 1.600000e+01
-3.200000e+01 1.604968e+01
-3.100000e+01 1.609254e+01
-3.200000e+01 1.604968e+01
-3.000000e+01 1.619203e+01
-3.100000e+01 1.609254e+01
-2.900000e+01 1.630362e+01
-3.000000e+01 1.619203e+01
-2.800000e+01 1.648949e+01
-2.900000e+01 1.630362e+01
-2.700000e+01 1.651624e+01
-2.800000e+01 1.648949e+01
-2.600000e+01 1.660793e+01
-2.700000e+01 1.651624e+01
-2.500000e+01 1.668724e+01
-2.600000e+01 1.660793e+01
-2.400000e+01 1.675487e+01
-2.500000e+01 1.668724e+01
-2.300000e+01 1.681198e+01
-2.400000e+01 1.675487e+01
-2.200000e+01 1.685906e+01
-2.300000e+01 1.681198e+01
-2.100000e+01 1.689574e+01
-2.200000e+01 1.685906e+01
-2.000000e+01 1.693138e+01
-2.100000e+01 1.689574e+01
-1.900000e+01 1.693473e+01
-2.000000e+01 1.693138e+01
-1.800000e+01 1.693531e+01
-1.900000e+01 1.693473e+01
-1.700000e+01 1.692214e+01
-1.800000e+01 1.693531e+01
-1.600000e+01 1.689415e+01
-1.700000e+01 1.692214e+01
7.846844e+00 0.000000e+00
7.843001e+00 2.500000e-01
7.843001e+00 2.500000e-01
7.835060e+00 5.000000e-01
7.835060e+00 5.000000e-01
7.816404e+00 7.500000e-01
7.816404e+00 7.500000e-01
7.789083e+00 1.000000e+00
7.789083e+00 1.000000e+00
7.750369e+00 1.250000e+00
7.750000e+00 1.251954e+00
7.700345e+00 1.500000e+00
7.750369e+00 1.250000e+00
7.750000e+00 1.251954e+00
7.700345e+00 1.500000e+00
7.641008e+00 1.750000e+00
7.641008e+00 1.750000e+00
7.568941e+00 2.000000e+00
6.000000e+00 3.703874e+00
5.900506e+00 3.750000e+00
5.500000e+00 3.925863e+00
5.300244e+00 4.000000e+00
5.750000e+00 3.826428e+00
5.500000e+00 3.925863e+00
5.900506e+00 3.750000e+00
5.750000e+00 3.826428e+00
7.500000e+00 2.190882e+00
7.477310e+00 2.250000e+00
7.568941e+00 2.000000e+00
7.500000e+00 2.190882e+00
7.477310e+00 2.250000e+00
7.368072e+00 2.500000e+00
7.250000e+00 2.710390e+00
7.224191e+00 2.750000e+00
7.368072e+00 2.500000e+00
7.250000e+00 2.710390e+00
7.224191e+00 2.750000e+00
7.033811e+00 3.000000e+00
7.000000e+00 3.038011e+00
6.758278e+00 3.250000e+00
7.033811e+00 3.000000e+00
7.000000e+00 3.038011e+00
6.500000e+00 3.421721e+00
6.366540e+00 3.500000e+00
6.750000e+00 3.256502e+00
6.500000e+00 3.421721e+00
6.758278e+00 3.250000e+00
6.750000e+00 3.256502e+00
6.250000e+00 3.568833e+00
6.000000e+00 3.703874e+00
6.366540e+00 3.500000e+00
6.250000e+00 3.568833e+00
5.000000e+00 4.195534e+00
4.938266e+00 4.250000e+00
5.250000e+00 4.028084e+00
5.000000e+00 4.195534e+00
5.300244e+00 4.000000e+00
5.250000e+00 4.028084e+00
4.938266e+00 4.250000e+00
4.814898e+00 4.500000e+00
4.814898e+00 4.500000e+00
4.787784e+00 4.750000e+00
4.787784e+00 4.750000e+00
4.810048e+00 5.000000e+00
4.810048e+00 5.000000e+00
4.851943e+00 5.250000e+00
4.851943e+00 5.250000e+00
4.895746e+00 5.500000e+00
4.895746e+00 5.500000e+00
4.928723e+00 5.750000e+00
4.928723e+00 5.750000e+00
4.940826e+00 6.000000e+00
4.940826e+00 6.000000e+00
4.924614e+00 6.250000e+00
4.924614e+00 6.250000e+00
4.879599e+00 6.500000e+00
4.879599e+00 6.500000e+00
4.811309e+00 6.750000e+00
4.750000e+00 6.925597e+00
4.723711e+00 7.000000e+00
4.811309e+00 6.750000e+00
4.750000e+00 6.925597e+00
4.723711e+00 7.000000e+00
4.617861e+00 7.250000e+00
4.500000e+00 7.491329e+00
4.495647e+00 7.500000e+00
4.617861e+00 7.250000e+00
4.500000e+00 7.491329e+00
4.495647e+00 7.500000e+00
4.366005e+00 7.750000e+00
4.250000e+00 7.913123e+00
4.192345e+00 8.000000e+00
4.366005e+00 7.750000e+00
4.250000e+00 7.913123e+00
7.568941e+00 -2.000000e+00
7.641008e+00 -1.750000e+00
7.641008e+00 -1.750000e+00
7.700345e+00 -1.500000e+00
7.700345e+00 -1.500000e+00
7.750000e+00 -1.251954e+00
7.750369e+00 -1.250000e+00
7.750000e+00 -1.251954e+00
7.750369e+00 -1.250000e+00
7.789083e+00 -1.000000e+00
7.789083e+00 -1.000000e+00
7.816404e+00 -7.500000e-01
7.816404e+00 -7.500000e-01
7.835060e+00 -5.000000e-01
7.835060e+00 -5.000000e-01
7.843001e+00 -2.500000e-01
7.843001e+00 -2.500000e-01
7.846844e+00 0.000000e+00
-8.000000e+00 1.596199e+01
-8.289250e+00 1.600000e+01
-5.000000e+00 1.535416e+01
-5.482678e+00 1.550000e+01
-4.500000e+00 1.519242e+01
-5.000000e+00 1.535416e+01
-4.000000e+00 1.501621e+01
-4.500000e+00 1.519242e+01
-7.500000e+00 1.587511e+01
-8.000000e+00 1.596199e+01
-7.000000e+00 1.579725e+01
-7.500000e+00 1.587511e+01
-6.500000e+00 1.570190e+01
-7.000000e+00 1.579725e+01
-6.000000e+00 1.560886e+01
-6.500000e+00 1.570190e+01
-5.500000e+00 1.550390e+01
-6.000000e+00 1.560886e+01
-5.482678e+00 1.550000e+01
-5.500000e+00 1.550390e+01
0.000000e+00 1.286079e+01
-1.983502e-01 1.300000e+01
-5.000000e-01 1.320790e+01
-9.524677e-01 1.350000e+01
-1.983502e-01 1.300000e+01
-5.000000e-01 1.320790e+01
-1.500000e+00 1.382773e+01
-1.805601e+00 1.400000e+01
-1.000000e+00 1.353029e+01
-1.500000e+00 1.382773e+01
-9.524677e-01 1.350000e+01
-1.000000e+00 1.353029e+01
-2.500000e+00 1.436536e+01
-2.780504e+00 1.450000e+01
-2.000000e+00 1.410793e+01
-2.500000e+00 1.436536e+01
-1.805601e+00 1.400000e+01
-2.000000e+00 1.410793e+01
-3.500000e+00 1.481772e+01
-3.958351e+00 1.500000e+01
-3.000000e+00 1.460317e+01
-3.500000e+00 1.481772e+01
-2.780504e+00 1.450000e+01
-3.000000e+00 1.460317e+01
-3.958351e+00 1.500000e+01
-4.000000e+00 1.501621e+01
-1.500000e+01 1.685018e+01
-1.600000e+01 1.689415e+01
-1.400000e+01 1.678919e+01
-1.500000e+01 1.685018e+01
-1.300000e+01 1.670972e+01
-1.400000e+01 1.678919e+01
-1.200000e+01 1.666025e+01
-1.300000e+01 1.670972e+01
-1.100000e+01 1.648718e+01
-1.200000e+01 1.666025e+01
-1.000000e+01 1.633803e+01
-1.100000e+01 1.648718e+01
-9.000000e+00 1.615813e+01
-1.000000e+01 1.633803e+01
-8.274010e+00 1.600000e+01
-9.000000e+00 1.615813e+01
4.000000e+00 8.463592e+00
3.983131e+00 8.500000e+00
3.983131e+00 8.500000e+00
3.700944e+00 9.000000e+00
3.500000e+00 9.323081e+00
3.377288e+00 9.500000e+00
3.700944e+00 9.000000e+00
3.500000e+00 9.323081e+00
3.377288e+00 9.500000e+00
3.012129e+00 1.000000e+01
3.000000e+00 1.001593e+01
2.594606e+00 1.050000e+01
3.012129e+00 1.000000e+01
3.000000e+00 1.001593e+01
2.500000e+00 1.061033e+01
2.135486e+00 1.100000e+01
2.594606e+00 1.050000e+01
2.500000e+00 1.061033e+01
2.000000e+00 1.114305e+01
1.633272e+00 1.150000e+01
2.135486e+00 1.100000e+01
2.000000e+00 1.114305e+01
1.500000e+00 1.162854e+01
1.084370e+00 1.200000e+01
1.633272e+00 1.150000e+01
1.500000e+00 1.162854e+01
4.205810e+00 8.000000e+00
4.000000e+00 8.463592e+00
5.000000e-01 1.248505e+01
4.804697e-01 1.250000e+01
1.000000e+00 1.207465e+01
5.000000e-01 1.248505e+01
1.084370e+00 1.200000e+01
1.000000e+00 1.207465e+01
4.804697e-01 1.250000e+01
0.000000e+00 1.286079e+01
